line_number,timestamp,seq,cwnd,bytes_acked,bytes_sent,ip,port,rtt,ssthresh,phase,ca_state
1,262905.292718,1,10,1448,30408,192.168.88.253,43692,355,,loss_recovery,
2,262905.292851,2,5,2896,36200,192.168.88.253,43692,117,,congestion_avoidance,
3,262905.297649,100,5,154936,188240,192.168.88.253,43692,203,,congestion_avoidance,
4,262905.298231,112,5,172312,207064,192.168.88.253,43692,205,,loss_recovery,
5,262905.298368,116,2,178104,211408,192.168.88.253,43692,96,,congestion_avoidance,
6,262905.304526,200,5,362000,396752,192.168.88.253,43692,187,,congestion_avoidance,
7,262905.314020,300,5,645808,680560,192.168.88.253,43692,193,,congestion_avoidance,
8,262905.323470,400,5,928168,962920,192.168.88.253,43692,189,,congestion_avoidance,
9,262905.333009,500,5,1213424,1248176,192.168.88.253,43692,159,,congestion_avoidance,
10,262905.342554,600,5,1498680,1533432,192.168.88.253,43692,194,,congestion_avoidance,
11,262905.352100,700,5,1783936,1818688,192.168.88.253,43692,192,,congestion_avoidance,
12,262905.361598,800,5,2067744,2102496,192.168.88.253,43692,196,,congestion_avoidance,
13,262905.371089,900,5,2351552,2386304,192.168.88.253,43692,190,,congestion_avoidance,
14,262905.390034,1100,5,2917720,2952472,192.168.88.253,43692,191,,congestion_avoidance,
15,262905.399528,1200,5,3201528,3236280,192.168.88.253,43692,193,,congestion_avoidance,
16,262905.409073,1300,5,3486784,3522984,192.168.88.253,43692,192,,congestion_avoidance,
17,262905.418471,1400,5,3767696,3802448,192.168.88.253,43692,194,,congestion_avoidance,
18,262905.427974,1500,5,4051504,4086256,192.168.88.253,43692,198,,congestion_avoidance,
19,262905.437475,1600,5,4335312,4371512,192.168.88.253,43692,203,,congestion_avoidance,
20,262905.446917,1700,5,4617672,4652424,192.168.88.253,43692,198,,congestion_avoidance,
21,262905.456359,1800,5,4898584,4936232,192.168.88.253,43692,277,,congestion_avoidance,
22,262905.465758,1900,5,5180944,5215696,192.168.88.253,43692,193,,congestion_avoidance,
23,262905.475159,2000,5,5461856,5496608,192.168.88.253,43692,193,,congestion_avoidance,
24,262905.484511,2100,5,5741320,5776072,192.168.88.253,43692,248,,congestion_avoidance,
25,262905.493954,2200,5,6023680,6058432,192.168.88.253,43692,188,,congestion_avoidance,
26,262905.503265,2300,5,6301696,6336448,192.168.88.253,43692,247,,congestion_avoidance,
27,262905.512655,2400,5,6582608,6617360,192.168.88.253,43692,191,,congestion_avoidance,
28,262905.522006,2500,5,6862072,6896824,192.168.88.253,43692,192,,congestion_avoidance,
29,262905.531370,2600,5,7141536,7176288,192.168.88.253,43692,252,,congestion_avoidance,
30,262905.540755,2700,5,7422448,7457200,192.168.88.253,43692,189,,congestion_avoidance,
31,262905.550169,2800,5,7701912,7739560,192.168.88.253,43692,301,,congestion_avoidance,
32,262905.559614,2900,5,7985720,8020472,192.168.88.253,43692,203,,congestion_avoidance,
33,262905.569001,3000,5,8266632,8301384,192.168.88.253,43692,193,,congestion_avoidance,
34,262905.578499,3100,5,8550440,8585192,192.168.88.253,43692,195,,congestion_avoidance,
35,262905.587949,3200,5,8832800,8867552,192.168.88.253,43692,199,,congestion_avoidance,
36,262905.597344,3300,5,9113712,9148464,192.168.88.253,43692,191,,congestion_avoidance,
37,262905.606897,3400,5,9398968,9435168,192.168.88.253,43692,197,,congestion_avoidance,
38,262905.616241,3500,5,9678432,9713184,192.168.88.253,43692,193,,congestion_avoidance,
39,262905.625740,3600,5,9962240,9996992,192.168.88.253,43692,188,,congestion_avoidance,
40,262905.635239,3700,5,10246048,10280800,192.168.88.253,43692,187,,congestion_avoidance,
41,262905.644785,3800,5,10531304,10566056,192.168.88.253,43692,193,,congestion_avoidance,
42,262905.654193,3900,5,10812216,10846968,192.168.88.253,43692,196,,congestion_avoidance,
43,262905.663541,4000,5,11091680,11126432,192.168.88.253,43692,241,,congestion_avoidance,
44,262905.673036,4100,5,11375488,11410240,192.168.88.253,43692,193,,congestion_avoidance,
45,262905.682533,4200,5,11659296,11694048,192.168.88.253,43692,191,,congestion_avoidance,
46,262905.692053,4300,5,11943104,11977856,192.168.88.253,43692,269,,congestion_avoidance,
47,262905.701567,4400,5,12228360,12263112,192.168.88.253,43692,192,,congestion_avoidance,
48,262905.711069,4500,5,12512168,12546920,192.168.88.253,43692,192,,congestion_avoidance,
49,262905.720732,4600,5,12800320,12835072,192.168.88.253,43692,216,,congestion_avoidance,
50,262905.730154,4700,5,13082680,13117432,192.168.88.253,43692,194,,congestion_avoidance,
51,262905.735582,4757,5,13244856,13281056,192.168.88.253,43692,197,,loss_recovery,
52,262905.735866,4760,3,13252096,13288296,192.168.88.253,43692,96,,congestion_avoidance,
53,262905.739597,4800,5,13365040,13402688,192.168.88.253,43692,192,,congestion_avoidance,
54,262905.749084,4900,5,13647400,13687944,192.168.88.253,43692,275,,congestion_avoidance,
55,262905.758546,5000,5,13931208,13968856,192.168.88.253,43692,196,,congestion_avoidance,
56,262905.768231,5100,5,14220808,14258456,192.168.88.253,43692,187,,congestion_avoidance,
57,262905.777823,5200,5,14507512,14545160,192.168.88.253,43692,199,,congestion_avoidance,
58,262905.787272,5300,5,14789872,14828968,192.168.88.253,43692,193,,congestion_avoidance,
59,262905.796721,5400,5,15072232,15109880,192.168.88.253,43692,194,,congestion_avoidance,
60,262905.806206,5500,5,15354592,15393688,192.168.88.253,43692,230,,congestion_avoidance,
61,262905.815614,5600,5,15636952,15674600,192.168.88.253,43692,190,,congestion_avoidance,
62,262905.824966,5700,5,15916416,15954064,192.168.88.253,43692,195,,congestion_avoidance,
63,262905.834316,5800,5,16195880,16233528,192.168.88.253,43692,242,,congestion_avoidance,
64,262905.843663,5900,5,16475344,16512992,192.168.88.253,43692,189,,congestion_avoidance,
65,262905.853101,6000,5,16756256,16795352,192.168.88.253,43692,230,,congestion_avoidance,
66,262905.862420,6100,5,17035720,17073368,192.168.88.253,43692,201,,congestion_avoidance,
67,262905.871714,6200,5,17313736,17351384,192.168.88.253,43692,191,,congestion_avoidance,
68,262905.881164,6300,5,17596096,17635192,192.168.88.253,43692,193,,congestion_avoidance,
69,262905.900251,6500,5,18157920,18197016,192.168.88.253,43692,190,,congestion_avoidance,
70,262905.909605,6600,5,18437384,18475032,192.168.88.253,43692,190,,congestion_avoidance,
71,262905.919003,6700,5,18718296,18755944,192.168.88.253,43692,186,,congestion_avoidance,
72,262905.928453,6800,5,19000656,19038304,192.168.88.253,43692,243,,congestion_avoidance,
73,262905.937946,6900,5,19284464,19322112,192.168.88.253,43692,191,,congestion_avoidance,
74,262905.947306,7000,5,19563928,19601576,192.168.88.253,43692,201,,congestion_avoidance,
75,262905.956746,7100,5,19846288,19885384,192.168.88.253,43692,194,,congestion_avoidance,
76,262905.966097,7200,5,20125752,20163400,192.168.88.253,43692,189,,congestion_avoidance,
77,262905.975514,7300,5,20406664,20444312,192.168.88.253,43692,207,,congestion_avoidance,
78,262905.984941,7400,5,20689024,20726672,192.168.88.253,43692,192,,congestion_avoidance,
79,262905.994396,7500,5,20971384,21009032,192.168.88.253,43692,194,,congestion_avoidance,
80,262906.004138,7600,5,21259536,21298632,192.168.88.253,43692,289,,congestion_avoidance,
81,262906.013390,7700,5,21539000,21576648,192.168.88.253,43692,189,,congestion_avoidance,
82,262906.022783,7800,5,21819912,21857560,192.168.88.253,43692,190,,congestion_avoidance,
83,262906.032234,7900,5,22102272,22142816,192.168.88.253,43692,213,,congestion_avoidance,
84,262906.041772,8000,5,22387528,22425176,192.168.88.253,43692,184,,congestion_avoidance,
85,262906.051177,8100,5,22668440,22706088,192.168.88.253,43692,187,,congestion_avoidance,
86,262906.060584,8200,5,22949352,22988448,192.168.88.253,43692,164,,congestion_avoidance,
87,262906.070076,8300,5,23233160,23270808,192.168.88.253,43692,187,,congestion_avoidance,
88,262906.079469,8400,5,23514072,23553168,192.168.88.253,43692,199,,congestion_avoidance,
89,262906.088863,8500,5,23794984,23832632,192.168.88.253,43692,189,,congestion_avoidance,
90,262906.098210,8600,5,24074448,24112096,192.168.88.253,43692,191,,congestion_avoidance,
91,262906.107713,8700,5,24358256,24395904,192.168.88.253,43692,238,,congestion_avoidance,
92,262906.117066,8800,5,24637720,24675368,192.168.88.253,43692,193,,congestion_avoidance,
93,262906.126515,8900,5,24920080,24957728,192.168.88.253,43692,191,,congestion_avoidance,
94,262906.135964,9000,5,25202440,25240088,192.168.88.253,43692,194,,congestion_avoidance,
95,262906.145510,9100,5,25487696,25525344,192.168.88.253,43692,193,,congestion_avoidance,
96,262906.155007,9200,5,25771504,25809152,192.168.88.253,43692,249,,congestion_avoidance,
97,262906.164406,9300,5,26052416,26090064,192.168.88.253,43692,197,,congestion_avoidance,
98,262906.173803,9400,5,26333328,26370976,192.168.88.253,43692,195,,congestion_avoidance,
99,262906.183300,9500,5,26617136,26654784,192.168.88.253,43692,192,,congestion_avoidance,
100,262906.192795,9600,5,26900944,26938592,192.168.88.253,43692,192,,congestion_avoidance,
101,262906.202243,9700,5,27183304,27220952,192.168.88.253,43692,192,,congestion_avoidance,
102,262906.211697,9800,5,27465664,27503312,192.168.88.253,43692,195,,congestion_avoidance,
103,262906.221138,9900,5,27748024,27785672,192.168.88.253,43692,193,,congestion_avoidance,
104,262906.230534,10000,5,28028936,28066584,192.168.88.253,43692,193,,congestion_avoidance,
105,262906.239920,10100,5,28309848,28350392,192.168.88.253,43692,189,,congestion_avoidance,
106,262906.249503,10200,5,28595104,28632752,192.168.88.253,43692,216,,congestion_avoidance,
107,262906.259072,10300,5,28881808,28919456,192.168.88.253,43692,195,,congestion_avoidance,
108,262906.268565,10400,5,29165616,29204712,192.168.88.253,43692,170,,congestion_avoidance,
109,262906.278110,10500,5,29450872,29488520,192.168.88.253,43692,195,,congestion_avoidance,
110,262906.287561,10600,5,29733232,29770880,192.168.88.253,43692,196,,congestion_avoidance,
111,262906.296907,10700,5,30012696,30050344,192.168.88.253,43692,240,,congestion_avoidance,
112,262906.306455,10800,5,30297952,30335600,192.168.88.253,43692,192,,congestion_avoidance,
113,262906.315948,10900,5,30581760,30619408,192.168.88.253,43692,191,,congestion_avoidance,
114,262906.325398,11000,5,30864120,30901768,192.168.88.253,43692,239,,congestion_avoidance,
115,262906.334843,11100,5,31146480,31184128,192.168.88.253,43692,190,,congestion_avoidance,
116,262906.344168,11200,5,31424496,31465040,192.168.88.253,43692,266,,congestion_avoidance,
117,262906.353591,11300,5,31706856,31744504,192.168.88.253,43692,191,,congestion_avoidance,
118,262906.362994,11400,5,31987768,32025416,192.168.88.253,43692,197,,congestion_avoidance,
119,262906.372396,11500,5,32268680,32306328,192.168.88.253,43692,196,,congestion_avoidance,
120,262906.381835,11600,5,32551040,32588688,192.168.88.253,43692,187,,congestion_avoidance,
121,262906.391285,11700,5,32833400,32871048,192.168.88.253,43692,191,,congestion_avoidance,
122,262906.410226,11900,5,33399568,33437216,192.168.88.253,43692,188,,congestion_avoidance,
123,262906.419675,12000,5,33681928,33719576,192.168.88.253,43692,184,,congestion_avoidance,
124,262906.429123,12100,5,33964288,34001936,192.168.88.253,43692,245,,congestion_avoidance,
125,262906.438618,12200,5,34248096,34285744,192.168.88.253,43692,190,,congestion_avoidance,
126,262906.448017,12300,5,34529008,34566656,192.168.88.253,43692,207,,congestion_avoidance,
127,262906.457413,12400,5,34809920,34847568,192.168.88.253,43692,192,,congestion_avoidance,
128,262906.466811,12500,5,35090832,35128480,192.168.88.253,43692,191,,congestion_avoidance,
129,262906.476214,12600,5,35371744,35409392,192.168.88.253,43692,178,,congestion_avoidance,
130,262906.485658,12700,5,35654104,35691752,192.168.88.253,43692,189,,congestion_avoidance,
131,262906.495108,12800,5,35936464,35974112,192.168.88.253,43692,196,,congestion_avoidance,
132,262906.504656,12900,5,36221720,36259368,192.168.88.253,43692,191,,congestion_avoidance,
133,262906.514099,13000,5,36504080,36541728,192.168.88.253,43692,193,,congestion_avoidance,
134,262906.523501,13100,5,36784992,36822640,192.168.88.253,43692,195,,congestion_avoidance,
135,262906.532889,13200,5,37065904,37106448,192.168.88.253,43692,195,,congestion_avoidance,
136,262906.542297,13300,5,37346816,37384464,192.168.88.253,43692,195,,congestion_avoidance,
137,262906.551646,13400,5,37626280,37665376,192.168.88.253,43692,193,,congestion_avoidance,
138,262906.561294,13500,5,37908640,37946288,192.168.88.253,43692,112,,congestion_avoidance,
139,262906.570623,13600,5,38191000,38228648,192.168.88.253,43692,198,,congestion_avoidance,
140,262906.580113,13700,5,38474808,38512456,192.168.88.253,43692,190,,congestion_avoidance,
141,262906.589656,13800,5,38760064,38797712,192.168.88.253,43692,189,,congestion_avoidance,
142,262906.599153,13900,5,39043872,39081520,192.168.88.253,43692,192,,congestion_avoidance,
143,262906.608608,14000,5,39326232,39363880,192.168.88.253,43692,201,,congestion_avoidance,
144,262906.618096,14100,5,39610040,39650584,192.168.88.253,43692,206,,congestion_avoidance,
145,262906.627552,14200,5,39892400,39930048,192.168.88.253,43692,195,,congestion_avoidance,
146,262906.637047,14300,5,40176208,40213856,192.168.88.253,43692,193,,congestion_avoidance,
147,262906.646454,14400,5,40457120,40496216,192.168.88.253,43692,190,,congestion_avoidance,
148,262906.655900,14500,5,40739480,40777128,192.168.88.253,43692,191,,congestion_avoidance,
149,262906.665301,14600,5,41020392,41058040,192.168.88.253,43692,190,,congestion_avoidance,
150,262906.674745,14700,5,41302752,41340400,192.168.88.253,43692,189,,congestion_avoidance,
151,262906.684149,14800,5,41583664,41621312,192.168.88.253,43692,194,,congestion_avoidance,
152,262906.693609,14900,5,41866024,41905120,192.168.88.253,43692,208,,congestion_avoidance,
153,262906.703134,15000,5,42151280,42188928,192.168.88.253,43692,191,,congestion_avoidance,
154,262906.712585,15100,5,42433640,42471288,192.168.88.253,43692,192,,congestion_avoidance,
155,262906.722056,15200,5,42716000,42753648,192.168.88.253,43692,221,,congestion_avoidance,
156,262906.731540,15300,5,42999808,43037456,192.168.88.253,43692,200,,congestion_avoidance,
157,262906.740974,15400,5,43282168,43319816,192.168.88.253,43692,192,,congestion_avoidance,
158,262906.750423,15500,5,43564528,43603624,192.168.88.253,43692,192,,congestion_avoidance,
159,262906.759879,15600,5,43846888,43884536,192.168.88.253,43692,195,,congestion_avoidance,
160,262906.769368,15700,5,44130696,44168344,192.168.88.253,43692,198,,congestion_avoidance,
161,262906.778760,15800,5,44411608,44449256,192.168.88.253,43692,190,,congestion_avoidance,
162,262906.788262,15900,5,44695416,44733064,192.168.88.253,43692,193,,congestion_avoidance,
163,262906.797606,16000,5,44974880,45012528,192.168.88.253,43692,183,,congestion_avoidance,
164,262906.807006,16100,5,45255792,45296336,192.168.88.253,43692,205,,congestion_avoidance,
165,262906.819773,16200,5,45541048,45578696,192.168.88.253,43692,130,,congestion_avoidance,
166,262906.829094,16300,5,45826304,45863952,192.168.88.253,43692,192,,congestion_avoidance,
167,262906.838591,16400,5,46110112,46147760,192.168.88.253,43692,193,,congestion_avoidance,
168,262906.848036,16500,5,46392472,46430120,192.168.88.253,43692,180,,congestion_avoidance,
169,262906.857438,16600,5,46673384,46711032,192.168.88.253,43692,193,,congestion_avoidance,
170,262906.866851,16700,5,46954296,46994840,192.168.88.253,43692,221,,congestion_avoidance,
171,262906.876232,16800,5,47235208,47272856,192.168.88.253,43692,176,,congestion_avoidance,
172,262906.885727,16900,5,47519016,47556664,192.168.88.253,43692,187,,congestion_avoidance,
173,262906.895180,17000,5,47801376,47839024,192.168.88.253,43692,186,,congestion_avoidance,
174,262906.904719,17100,5,48083736,48121384,192.168.88.253,43692,134,,congestion_avoidance,
175,262906.914027,17200,5,48364648,48402296,192.168.88.253,43692,194,,congestion_avoidance,
176,262906.923667,17300,5,48652800,48691896,192.168.88.253,43692,189,,congestion_avoidance,
177,262906.933166,17400,5,48936608,48974256,192.168.88.253,43692,193,,congestion_avoidance,
178,262906.942658,17500,5,49220416,49258064,192.168.88.253,43692,190,,congestion_avoidance,
179,262906.952152,17600,5,49504224,49541872,192.168.88.253,43692,206,,congestion_avoidance,
180,262906.961650,17700,5,49788032,49825680,192.168.88.253,43692,187,,congestion_avoidance,
181,262906.971098,17800,5,50070392,50108040,192.168.88.253,43692,189,,congestion_avoidance,
182,262906.980644,17900,5,50355648,50393296,192.168.88.253,43692,246,,congestion_avoidance,
183,262906.990138,18000,5,50639456,50677104,192.168.88.253,43692,192,,congestion_avoidance,
184,262906.999494,18100,5,50918920,50956568,192.168.88.253,43692,210,,congestion_avoidance,
185,262907.008980,18200,5,51202728,51241824,192.168.88.253,43692,189,,congestion_avoidance,
186,262907.018483,18300,5,51486536,51524184,192.168.88.253,43692,193,,congestion_avoidance,
187,262907.027937,18400,5,51768896,51806544,192.168.88.253,43692,253,,congestion_avoidance,
188,262907.037524,18500,5,52055600,52094696,192.168.88.253,43692,187,,congestion_avoidance,
189,262907.047024,18600,5,52339408,52377056,192.168.88.253,43692,192,,congestion_avoidance,
190,262907.056422,18700,5,52620320,52657968,192.168.88.253,43692,192,,congestion_avoidance,
191,262907.065917,18800,5,52904128,52943224,192.168.88.253,43692,194,,congestion_avoidance,
192,262907.075267,18900,5,53183592,53221240,192.168.88.253,43692,188,,congestion_avoidance,
193,262907.084667,19000,5,53464504,53502152,192.168.88.253,43692,191,,congestion_avoidance,
194,262907.094162,19100,5,53748312,53785960,192.168.88.253,43692,193,,congestion_avoidance,
195,262907.103565,19200,5,54029224,54066872,192.168.88.253,43692,194,,congestion_avoidance,
196,262907.112966,19300,5,54310136,54347784,192.168.88.253,43692,242,,congestion_avoidance,
197,262907.122317,19400,5,54589600,54627248,192.168.88.253,43692,192,,congestion_avoidance,
198,262907.131723,19500,5,54870512,54908160,192.168.88.253,43692,196,,congestion_avoidance,
199,262907.141167,19600,5,55152872,55190520,192.168.88.253,43692,192,,congestion_avoidance,
200,262907.150661,19700,5,55436680,55474328,192.168.88.253,43692,191,,congestion_avoidance,
201,262907.160223,19800,5,55720488,55761032,192.168.88.253,43692,186,,congestion_avoidance,
202,262907.169666,19900,5,56004296,56041944,192.168.88.253,43692,188,,congestion_avoidance,
203,262907.179161,20000,5,56288104,56325752,192.168.88.253,43692,196,,congestion_avoidance,
204,262907.188592,20100,5,56569016,56608112,192.168.88.253,43692,212,,congestion_avoidance,
205,262907.197954,20200,5,56849928,56887576,192.168.88.253,43692,190,,congestion_avoidance,
206,262907.207591,20300,5,57135184,57172832,192.168.88.253,43692,193,,congestion_avoidance,
207,262907.217386,20400,5,57423336,57462432,192.168.88.253,43692,238,,congestion_avoidance,
208,262907.235205,20500,5,57714384,57754928,192.168.88.253,43692,204,,congestion_avoidance,
209,262907.247926,20600,5,58009776,58047424,192.168.88.253,43692,199,,congestion_avoidance,
210,262907.257371,20700,5,58292136,58329784,192.168.88.253,43692,194,,congestion_avoidance,
211,262907.266814,20800,5,58574496,58613592,192.168.88.253,43692,189,,congestion_avoidance,
212,262907.276261,20900,5,58856856,58894504,192.168.88.253,43692,190,,congestion_avoidance,
213,262907.285664,21000,5,59137768,59175416,192.168.88.253,43692,191,,congestion_avoidance,
214,262907.295054,21100,5,59418680,59459224,192.168.88.253,43692,195,,congestion_avoidance,
215,262907.304704,21200,5,59706832,59744480,192.168.88.253,43692,193,,congestion_avoidance,
216,262907.314225,21300,5,59990640,60028288,192.168.88.253,43692,219,,congestion_avoidance,
217,262907.323598,21400,5,60271552,60309200,192.168.88.253,43692,242,,congestion_avoidance,
218,262907.333110,21500,5,60555360,60593008,192.168.88.253,43692,205,,congestion_avoidance,
219,262907.344761,21600,5,60836272,60873920,192.168.88.253,43692,191,,congestion_avoidance,
220,262907.354357,21700,5,61122976,61160624,192.168.88.253,43692,194,,congestion_avoidance,
221,262907.363918,21800,5,61408232,61445880,192.168.88.253,43692,164,,congestion_avoidance,
222,262907.373397,21900,5,61692040,61729688,192.168.88.253,43692,194,,congestion_avoidance,
223,262907.382839,22000,5,61974400,62012048,192.168.88.253,43692,190,,congestion_avoidance,
224,262907.392239,22100,5,62255312,62292960,192.168.88.253,43692,192,,congestion_avoidance,
225,262907.401547,22200,5,62533328,62570976,192.168.88.253,43692,212,,congestion_avoidance,
226,262907.411036,22300,5,62817136,62856232,192.168.88.253,43692,191,,congestion_avoidance,
227,262907.420491,22400,5,63099496,63137144,192.168.88.253,43692,196,,congestion_avoidance,
228,262907.429929,22500,5,63381856,63420952,192.168.88.253,43692,184,,congestion_avoidance,
229,262907.439331,22600,5,63662768,63700416,192.168.88.253,43692,193,,congestion_avoidance,
230,262907.448830,22700,5,63946576,63984224,192.168.88.253,43692,193,,congestion_avoidance,
231,262907.458276,22800,5,64228936,64266584,192.168.88.253,43692,194,,congestion_avoidance,
232,262907.467672,22900,5,64509848,64547496,192.168.88.253,43692,189,,congestion_avoidance,
233,262907.477023,23000,5,64789312,64826960,192.168.88.253,43692,183,,congestion_avoidance,
234,262907.486470,23100,5,65071672,65110768,192.168.88.253,43692,190,,congestion_avoidance,
235,262907.495922,23200,5,65354032,65391680,192.168.88.253,43692,194,,congestion_avoidance,
236,262907.505275,23300,5,65633496,65671144,192.168.88.253,43692,193,,congestion_avoidance,
237,262907.514680,23400,5,65914408,65952056,192.168.88.253,43692,196,,congestion_avoidance,
238,262907.524032,23500,5,66193872,66231520,192.168.88.253,43692,192,,congestion_avoidance,
239,262907.533525,23600,5,66477680,66515328,192.168.88.253,43692,190,,congestion_avoidance,
240,262907.543067,23700,5,66762936,66800584,192.168.88.253,43692,194,,congestion_avoidance,
241,262907.552505,23800,5,67043848,67081496,192.168.88.253,43692,232,,congestion_avoidance,
242,262907.561961,23900,5,67327656,67365304,192.168.88.253,43692,192,,congestion_avoidance,
243,262907.571557,24000,5,67614360,67652008,192.168.88.253,43692,194,,congestion_avoidance,
244,262907.580956,24100,5,67895272,67932920,192.168.88.253,43692,192,,congestion_avoidance,
245,262907.590352,24200,5,68176184,68213832,192.168.88.253,43692,204,,congestion_avoidance,
246,262907.599753,24300,5,68457096,68494744,192.168.88.253,43692,194,,congestion_avoidance,
247,262907.609164,24400,5,68738008,68775656,192.168.88.253,43692,193,,congestion_avoidance,
248,262907.618651,24500,5,69021816,69060912,192.168.88.253,43692,192,,congestion_avoidance,
249,262907.628000,24600,5,69301280,69338928,192.168.88.253,43692,191,,congestion_avoidance,
250,262907.637654,24700,5,69587984,69627080,192.168.88.253,43692,145,,congestion_avoidance,
251,262907.647002,24800,5,69868896,69906544,192.168.88.253,43692,186,,congestion_avoidance,
252,262907.656449,24900,5,70151256,70188904,192.168.88.253,43692,189,,congestion_avoidance,
253,262907.665851,25000,5,70432168,70471264,192.168.88.253,43692,194,,congestion_avoidance,
254,262907.675396,25100,5,70717424,70755072,192.168.88.253,43692,195,,congestion_avoidance,
255,262907.684889,25200,5,71001232,71038880,192.168.88.253,43692,193,,congestion_avoidance,
256,262907.694340,25300,5,71283592,71321240,192.168.88.253,43692,191,,congestion_avoidance,
257,262907.703735,25400,5,71564504,71602152,192.168.88.253,43692,194,,congestion_avoidance,
258,262907.713135,25500,5,71845416,71883064,192.168.88.253,43692,192,,congestion_avoidance,
259,262907.722642,25600,5,72129224,72166872,192.168.88.253,43692,245,,congestion_avoidance,
260,262907.732145,25700,5,72413032,72450680,192.168.88.253,43692,186,,congestion_avoidance,
261,262907.741660,25800,5,72696840,72734488,192.168.88.253,43692,177,,congestion_avoidance,
262,262907.751060,25900,5,72977752,73015400,192.168.88.253,43692,239,,congestion_avoidance,
263,262907.760557,26000,5,73261560,73299208,192.168.88.253,43692,175,,congestion_avoidance,
264,262907.770006,26100,5,73543920,73581568,192.168.88.253,43692,194,,congestion_avoidance,
265,262907.779498,26200,5,73827728,73866824,192.168.88.253,43692,191,,congestion_avoidance,
266,262907.788900,26300,5,74108640,74146288,192.168.88.253,43692,195,,congestion_avoidance,
267,262907.798343,26400,5,74391000,74430096,192.168.88.253,43692,192,,congestion_avoidance,
268,262907.807839,26500,5,74674808,74712456,192.168.88.253,43692,190,,congestion_avoidance,
269,262907.817289,26600,5,74957168,74994816,192.168.88.253,43692,192,,congestion_avoidance,
270,262907.826735,26700,5,75239528,75277176,192.168.88.253,43692,189,,congestion_avoidance,
271,262907.836232,26800,5,75523336,75560984,192.168.88.253,43692,191,,congestion_avoidance,
272,262907.845780,26900,5,75808592,75846240,192.168.88.253,43692,196,,congestion_avoidance,
273,262907.855272,27000,5,76092400,76130048,192.168.88.253,43692,194,,congestion_avoidance,
274,262907.864671,27100,5,76373312,76410960,192.168.88.253,43692,190,,congestion_avoidance,
275,262907.874119,27200,5,76655672,76693320,192.168.88.253,43692,194,,congestion_avoidance,
276,262907.883671,27300,5,76940928,76978576,192.168.88.253,43692,192,,congestion_avoidance,
277,262907.893065,27400,5,77221840,77259488,192.168.88.253,43692,197,,congestion_avoidance,
278,262907.902511,27500,5,77504200,77541848,192.168.88.253,43692,241,,congestion_avoidance,
279,262907.912050,27600,5,77789456,77827104,192.168.88.253,43692,188,,congestion_avoidance,
280,262907.930994,27800,5,78355624,78393272,192.168.88.253,43692,188,,congestion_avoidance,
281,262907.940440,27900,5,78637984,78675632,192.168.88.253,43692,188,,congestion_avoidance,
282,262907.949851,28000,5,78918896,78956544,192.168.88.253,43692,179,,congestion_avoidance,
283,262907.959250,28100,5,79199808,79238904,192.168.88.253,43692,192,,congestion_avoidance,
284,262907.968647,28200,5,79480720,79518368,192.168.88.253,43692,185,,congestion_avoidance,
285,262907.978045,28300,5,79761632,79800728,192.168.88.253,43692,193,,congestion_avoidance,
286,262907.987449,28400,5,80042544,80080192,192.168.88.253,43692,197,,congestion_avoidance,
287,262907.997023,28500,5,80327800,80365448,192.168.88.253,43692,191,,congestion_avoidance,
288,262908.006427,28600,5,80608712,80646360,192.168.88.253,43692,246,,congestion_avoidance,
289,262908.015963,28700,5,80892520,80930168,192.168.88.253,43692,232,,congestion_avoidance,
290,262908.025226,28800,5,81170536,81208184,192.168.88.253,43692,245,,congestion_avoidance,
291,262908.034775,28900,5,81455792,81493440,192.168.88.253,43692,196,,congestion_avoidance,
292,262908.044216,29000,5,81738152,81775800,192.168.88.253,43692,193,,congestion_avoidance,
293,262908.053712,29100,5,82021960,82059608,192.168.88.253,43692,184,,congestion_avoidance,
294,262908.063499,29200,5,82314456,82352104,192.168.88.253,43692,192,,congestion_avoidance,
295,262908.072993,29300,5,82598264,82635912,192.168.88.253,43692,192,,congestion_avoidance,
296,262908.082591,29400,5,82884968,82922616,192.168.88.253,43692,194,,congestion_avoidance,
297,262908.092036,29500,5,83167328,83206424,192.168.88.253,43692,187,,congestion_avoidance,
298,262908.103229,29600,5,83454032,83491680,192.168.88.253,43692,179,,congestion_avoidance,
299,262908.113778,29700,5,83747976,83785624,192.168.88.253,43692,135,,congestion_avoidance,
300,262908.122976,29800,5,84028888,84066536,192.168.88.253,43692,193,,congestion_avoidance,
301,262908.132526,29900,5,84314144,84351792,192.168.88.253,43692,182,,congestion_avoidance,
302,262908.141826,30000,5,84592160,84629808,192.168.88.253,43692,175,,congestion_avoidance,
303,262908.151516,30100,5,84881760,84919408,192.168.88.253,43692,247,,congestion_avoidance,
304,262908.160919,30200,5,85162672,85200320,192.168.88.253,43692,195,,congestion_avoidance,
305,262908.171154,30300,5,85456616,85494264,192.168.88.253,43692,193,,congestion_avoidance,
306,262908.180602,30400,5,85738976,85776624,192.168.88.253,43692,186,,congestion_avoidance,
307,262908.190055,30500,5,86021336,86058984,192.168.88.253,43692,192,,congestion_avoidance,
308,262908.199409,30600,5,86300800,86338448,192.168.88.253,43692,176,,congestion_avoidance,
309,262908.208854,30700,5,86583160,86622256,192.168.88.253,43692,190,,congestion_avoidance,
310,262908.218158,30800,5,86861176,86898824,192.168.88.253,43692,194,,congestion_avoidance,
311,262908.227603,30900,5,87143536,87181184,192.168.88.253,43692,195,,congestion_avoidance,
312,262908.237134,31000,5,87427344,87464992,192.168.88.253,43692,227,,congestion_avoidance,
313,262908.246594,31100,5,87711152,87748800,192.168.88.253,43692,178,,congestion_avoidance,
314,262908.256186,31200,5,87997856,88035504,192.168.88.253,43692,195,,congestion_avoidance,
315,262908.265685,31300,5,88281664,88322208,192.168.88.253,43692,204,,congestion_avoidance,
316,262908.275180,31400,5,88565472,88603120,192.168.88.253,43692,189,,congestion_avoidance,
317,262908.284720,31500,5,88850728,88888376,192.168.88.253,43692,172,,congestion_avoidance,
318,262908.294250,31600,5,89134536,89173632,192.168.88.253,43692,226,,congestion_avoidance,
319,262908.303569,31700,5,89414000,89451648,192.168.88.253,43692,188,,congestion_avoidance,
320,262908.313002,31800,5,89694912,89734008,192.168.88.253,43692,229,,congestion_avoidance,
321,262908.322367,31900,5,89975824,90013472,192.168.88.253,43692,190,,congestion_avoidance,
322,262908.331721,32000,5,90255288,90292936,192.168.88.253,43692,194,,congestion_avoidance,
323,262908.341060,32100,5,90534752,90575296,192.168.88.253,43692,200,,congestion_avoidance,
324,262908.350564,32200,5,90818560,90856208,192.168.88.253,43692,193,,congestion_avoidance,
325,262908.359961,32300,5,91099472,91137120,192.168.88.253,43692,191,,congestion_avoidance,
326,262908.369455,32400,5,91383280,91422376,192.168.88.253,43692,191,,congestion_avoidance,
327,262908.378858,32500,5,91664192,91701840,192.168.88.253,43692,191,,congestion_avoidance,
328,262908.388374,32600,5,91948000,91985648,192.168.88.253,43692,214,,congestion_avoidance,
329,262908.397755,32700,5,92228912,92266560,192.168.88.253,43692,189,,congestion_avoidance,
330,262908.407244,32800,5,92512720,92553264,192.168.88.253,43692,199,,congestion_avoidance,
331,262908.416694,32900,5,92795080,92832728,192.168.88.253,43692,196,,congestion_avoidance,
332,262908.435779,33100,5,93362696,93400344,192.168.88.253,43692,117,,congestion_avoidance,
333,262908.445234,33200,5,93647952,93685600,192.168.88.253,43692,195,,congestion_avoidance,
334,262908.454708,33300,5,93930312,93967960,192.168.88.253,43692,214,,congestion_avoidance,
335,262908.464186,33400,5,94214120,94251768,192.168.88.253,43692,193,,congestion_avoidance,
336,262908.473630,33500,5,94496480,94534128,192.168.88.253,43692,192,,congestion_avoidance,
337,262908.483948,33600,5,94783184,94820832,192.168.88.253,43692,193,,congestion_avoidance,
338,262908.493405,33700,5,95065544,95103192,192.168.88.253,43692,257,,congestion_avoidance,
339,262908.502845,33800,5,95347904,95385552,192.168.88.253,43692,165,,congestion_avoidance,
340,262908.512345,33900,5,95631712,95669360,192.168.88.253,43692,195,,congestion_avoidance,
341,262908.521839,34000,5,95915520,95956064,192.168.88.253,43692,192,,congestion_avoidance,
342,262908.531238,34100,5,96196432,96234080,192.168.88.253,43692,157,,congestion_avoidance,
343,262908.540739,34200,5,96480240,96517888,192.168.88.253,43692,194,,congestion_avoidance,
344,262908.550277,34300,5,96765496,96804592,192.168.88.253,43692,186,,congestion_avoidance,
345,262908.559631,34400,5,97044960,97082608,192.168.88.253,43692,187,,congestion_avoidance,
346,262908.569029,34500,5,97325872,97364968,192.168.88.253,43692,190,,congestion_avoidance,
347,262908.578435,34600,5,97606784,97644432,192.168.88.253,43692,195,,congestion_avoidance,
348,262908.587923,34700,5,97889144,97926792,192.168.88.253,43692,236,,congestion_avoidance,
349,262908.597378,34800,5,98172952,98210600,192.168.88.253,43692,195,,congestion_avoidance,
350,262908.606822,34900,5,98455312,98492960,192.168.88.253,43692,192,,congestion_avoidance,
351,262908.616225,35000,5,98736224,98773872,192.168.88.253,43692,190,,congestion_avoidance,
352,262908.625737,35100,5,99020032,99057680,192.168.88.253,43692,185,,congestion_avoidance,
353,262908.635175,35200,5,99302392,99340040,192.168.88.253,43692,192,,congestion_avoidance,
354,262908.644580,35300,5,99583304,99620952,192.168.88.253,43692,194,,congestion_avoidance,
355,262908.653955,35400,5,99864216,99904760,192.168.88.253,43692,183,,congestion_avoidance,
356,262908.663421,35500,5,100146576,100184224,192.168.88.253,43692,189,,congestion_avoidance,
357,262908.672873,35600,5,100428936,100466584,192.168.88.253,43692,193,,congestion_avoidance,
358,262908.682360,35700,5,100712744,100751840,192.168.88.253,43692,185,,congestion_avoidance,
359,262908.691719,35800,5,100992208,101029856,192.168.88.253,43692,193,,congestion_avoidance,
360,262908.701118,35900,5,101273120,101310768,192.168.88.253,43692,196,,congestion_avoidance,
361,262908.710610,36000,5,101556928,101594576,192.168.88.253,43692,189,,congestion_avoidance,
362,262908.719964,36100,5,101836392,101874040,192.168.88.253,43692,193,,congestion_avoidance,
363,262908.729359,36200,5,102117304,102154952,192.168.88.253,43692,246,,congestion_avoidance,
364,262908.738855,36300,5,102401112,102438760,192.168.88.253,43692,193,,congestion_avoidance,
365,262908.748163,36400,5,102679128,102716776,192.168.88.253,43692,247,,congestion_avoidance,
366,262908.757652,36500,5,102962936,103002032,192.168.88.253,43692,189,,congestion_avoidance,
367,262908.767147,36600,5,103246744,103284392,192.168.88.253,43692,191,,congestion_avoidance,
368,262908.776547,36700,5,103527656,103565304,192.168.88.253,43692,245,,congestion_avoidance,
369,262908.785996,36800,5,103810016,103847664,192.168.88.253,43692,187,,congestion_avoidance,
370,262908.795407,36900,5,104090928,104128576,192.168.88.253,43692,199,,congestion_avoidance,
371,262908.804807,37000,5,104371840,104409488,192.168.88.253,43692,197,,congestion_avoidance,
372,262908.814297,37100,5,104655648,104693296,192.168.88.253,43692,194,,congestion_avoidance,
373,262908.817260,37131,5,104743976,104783072,192.168.88.253,43692,199,,loss_recovery,
374,262908.817557,37134,3,104751216,104790312,192.168.88.253,43692,111,,congestion_avoidance,
375,262908.823699,37200,5,104936560,104977104,192.168.88.253,43692,197,,congestion_avoidance,
376,262908.833187,37300,5,105220368,105262360,192.168.88.253,43692,189,,congestion_avoidance,
377,262908.842594,37400,5,105501280,105541824,192.168.88.253,43692,194,,congestion_avoidance,
378,262908.851991,37500,5,105782192,105822736,192.168.88.253,43692,192,,congestion_avoidance,
379,262908.861397,37600,5,106063104,106103648,192.168.88.253,43692,246,,congestion_avoidance,
380,262908.870841,37700,5,106345464,106386008,192.168.88.253,43692,195,,congestion_avoidance,
381,262908.880231,37800,5,106624928,106668368,192.168.88.253,43692,276,,congestion_avoidance,
382,262908.889593,37900,5,106905840,106946384,192.168.88.253,43692,185,,congestion_avoidance,
383,262908.898951,38000,5,107185304,107225848,192.168.88.253,43692,192,,congestion_avoidance,
384,262908.908291,38100,5,107464768,107508208,192.168.88.253,43692,196,,congestion_avoidance,
385,262908.917649,38200,5,107744232,107784776,192.168.88.253,43692,193,,congestion_avoidance,
386,262908.927146,38300,5,108028040,108068584,192.168.88.253,43692,194,,congestion_avoidance,
387,262908.936737,38400,5,108314744,108356736,192.168.88.253,43692,189,,congestion_avoidance,
388,262908.946092,38500,5,108594208,108634752,192.168.88.253,43692,193,,congestion_avoidance,
389,262908.955439,38600,5,108873672,108914216,192.168.88.253,43692,186,,congestion_avoidance,
390,262908.964884,38700,5,109156032,109196576,192.168.88.253,43692,190,,congestion_avoidance,
391,262908.974282,38800,5,109436944,109477488,192.168.88.253,43692,188,,congestion_avoidance,
392,262908.983784,38900,5,109720752,109761296,192.168.88.253,43692,246,,congestion_avoidance,
393,262908.993233,39000,5,110003112,110043656,192.168.88.253,43692,192,,congestion_avoidance,
394,262909.002629,39100,5,110284024,110324568,192.168.88.253,43692,193,,congestion_avoidance,
395,262909.012059,39200,5,110566384,110609824,192.168.88.253,43692,192,,congestion_avoidance,
396,262909.021473,39300,5,110847296,110887840,192.168.88.253,43692,194,,congestion_avoidance,
397,262909.030819,39400,5,111126760,111168752,192.168.88.253,43692,188,,congestion_avoidance,
398,262909.040172,39500,5,111406224,111446768,192.168.88.253,43692,192,,congestion_avoidance,
399,262909.049668,39600,5,111690032,111730576,192.168.88.253,43692,186,,congestion_avoidance,
400,262909.059165,39700,5,111973840,112014384,192.168.88.253,43692,192,,congestion_avoidance,
401,262909.068661,39800,5,112257648,112298192,192.168.88.253,43692,183,,congestion_avoidance,
402,262909.078159,39900,5,112541456,112582000,192.168.88.253,43692,193,,congestion_avoidance,
403,262909.087659,40000,5,112825264,112865808,192.168.88.253,43692,198,,congestion_avoidance,
404,262909.097150,40100,5,113109072,113149616,192.168.88.253,43692,194,,congestion_avoidance,
405,262909.106499,40200,5,113388536,113429080,192.168.88.253,43692,190,,congestion_avoidance,
406,262909.116000,40300,5,113672344,113712888,192.168.88.253,43692,194,,congestion_avoidance,
407,262909.125499,40400,5,113956152,113996696,192.168.88.253,43692,194,,congestion_avoidance,
408,262909.134897,40500,5,114237064,114277608,192.168.88.253,43692,187,,congestion_avoidance,
409,262909.144298,40600,5,114517976,114558520,192.168.88.253,43692,185,,congestion_avoidance,
410,262909.153697,40700,5,114798888,114839432,192.168.88.253,43692,189,,congestion_avoidance,
411,262909.163098,40800,5,115079800,115120344,192.168.88.253,43692,192,,congestion_avoidance,
412,262909.172512,40900,5,115360712,115402704,192.168.88.253,43692,208,,congestion_avoidance,
413,262909.181893,41000,5,115641624,115682168,192.168.88.253,43692,190,,congestion_avoidance,
414,262909.191245,41100,5,115921088,115961632,192.168.88.253,43692,192,,congestion_avoidance,
415,262909.200741,41200,5,116204896,116245440,192.168.88.253,43692,185,,congestion_avoidance,
416,262909.210339,41300,5,116491600,116532144,192.168.88.253,43692,190,,congestion_avoidance,
417,262909.219783,41400,5,116773960,116815952,192.168.88.253,43692,185,,congestion_avoidance,
418,262909.229327,41500,5,117059216,117099760,192.168.88.253,43692,184,,congestion_avoidance,
419,262909.238678,41600,5,117338680,117379224,192.168.88.253,43692,191,,congestion_avoidance,
420,262909.248077,41700,5,117619592,117660136,192.168.88.253,43692,244,,congestion_avoidance,
421,262909.257673,41800,5,117906296,117946840,192.168.88.253,43692,194,,congestion_avoidance,
422,262909.270662,41900,5,118191552,118232096,192.168.88.253,43692,191,,congestion_avoidance,
423,262909.294967,42000,5,118498528,118539072,192.168.88.253,43692,191,,congestion_avoidance,
424,262909.304510,42100,5,118783784,118824328,192.168.88.253,43692,155,,congestion_avoidance,
425,262909.314007,42200,5,119067592,119111032,192.168.88.253,43692,206,,congestion_avoidance,
426,262909.323553,42300,5,119352848,119393392,192.168.88.253,43692,190,,congestion_avoidance,
427,262909.332955,42400,5,119633760,119674304,192.168.88.253,43692,196,,congestion_avoidance,
428,262909.342398,42500,5,119916120,119958112,192.168.88.253,43692,192,,congestion_avoidance,
429,262909.351751,42600,5,120195584,120236128,192.168.88.253,43692,192,,congestion_avoidance,
430,262909.361099,42700,5,120475048,120517040,192.168.88.253,43692,190,,congestion_avoidance,
431,262909.370501,42800,5,120755960,120796504,192.168.88.253,43692,194,,congestion_avoidance,
432,262909.379924,42900,5,121036872,121077416,192.168.88.253,43692,218,,congestion_avoidance,
433,262909.389289,43000,5,121317784,121361224,192.168.88.253,43692,201,,congestion_avoidance,
434,262909.398749,43100,5,121600144,121640688,192.168.88.253,43692,195,,congestion_avoidance,
435,262909.408142,43200,5,121881056,121921600,192.168.88.253,43692,191,,congestion_avoidance,
436,262909.417640,43300,5,122164864,122205408,192.168.88.253,43692,190,,congestion_avoidance,
437,262909.430395,43400,5,122450120,122490664,192.168.88.253,43692,218,,congestion_avoidance,
438,262909.439823,43500,5,122732480,122773024,192.168.88.253,43692,195,,congestion_avoidance,
439,262909.449488,43600,5,123016288,123056832,192.168.88.253,43692,159,,congestion_avoidance,
440,262909.458777,43700,5,123298648,123339192,192.168.88.253,43692,185,,congestion_avoidance,
441,262909.468228,43800,5,123581008,123621552,192.168.88.253,43692,189,,congestion_avoidance,
442,262909.477723,43900,5,123864816,123905360,192.168.88.253,43692,191,,congestion_avoidance,
443,262909.487216,44000,5,124148624,124189168,192.168.88.253,43692,188,,congestion_avoidance,
444,262909.496662,44100,5,124430984,124471528,192.168.88.253,43692,188,,congestion_avoidance,
445,262909.506109,44200,5,124713344,124753888,192.168.88.253,43692,189,,congestion_avoidance,
446,262909.515558,44300,5,124995704,125036248,192.168.88.253,43692,186,,congestion_avoidance,
447,262909.525054,44400,5,125279512,125320056,192.168.88.253,43692,193,,congestion_avoidance,
448,262909.534504,44500,5,125561872,125602416,192.168.88.253,43692,195,,congestion_avoidance,
449,262909.544045,44600,5,125847128,125887672,192.168.88.253,43692,194,,congestion_avoidance,
450,262909.553496,44700,5,126129488,126170032,192.168.88.253,43692,193,,congestion_avoidance,
451,262909.562844,44800,5,126408952,126449496,192.168.88.253,43692,186,,congestion_avoidance,
452,262909.572244,44900,5,126689864,126730408,192.168.88.253,43692,191,,congestion_avoidance,
453,262909.581642,45000,5,126970776,127011320,192.168.88.253,43692,175,,congestion_avoidance,
454,262909.591074,45100,5,127253136,127296576,192.168.88.253,43692,191,,congestion_avoidance,
455,262909.600586,45200,5,127536944,127577488,192.168.88.253,43692,190,,congestion_avoidance,
456,262909.609938,45300,5,127816408,127856952,192.168.88.253,43692,237,,congestion_avoidance,
457,262909.619392,45400,5,128098768,128139312,192.168.88.253,43692,192,,congestion_avoidance,
458,262909.628716,45500,5,128376784,128417328,192.168.88.253,43692,208,,congestion_avoidance,
459,262909.638103,45600,5,128657696,128698240,192.168.88.253,43692,243,,congestion_avoidance,
460,262909.647505,45700,5,128938608,128979152,192.168.88.253,43692,194,,congestion_avoidance,
461,262909.656898,45800,5,129219520,129260064,192.168.88.253,43692,250,,congestion_avoidance,
462,262909.666435,45900,5,129504776,129546768,192.168.88.253,43692,186,,congestion_avoidance,
463,262909.675841,46000,5,129785688,129826232,192.168.88.253,43692,195,,congestion_avoidance,
464,262909.685237,46100,5,130066600,130107144,192.168.88.253,43692,192,,congestion_avoidance,
465,262909.694782,46200,5,130351856,130393848,192.168.88.253,43692,191,,congestion_avoidance,
466,262909.704282,46300,5,130635664,130676208,192.168.88.253,43692,198,,congestion_avoidance,
467,262909.713674,46400,5,130916576,130957120,192.168.88.253,43692,191,,congestion_avoidance,
468,262909.723223,46500,5,131201832,131243824,192.168.88.253,43692,195,,congestion_avoidance,
469,262909.732574,46600,5,131481296,131521840,192.168.88.253,43692,191,,congestion_avoidance,
470,262909.742065,46700,5,131765104,131805648,192.168.88.253,43692,192,,congestion_avoidance,
471,262909.751608,46800,5,132050360,132092352,192.168.88.253,43692,185,,congestion_avoidance,
472,262909.761060,46900,5,132332720,132373264,192.168.88.253,43692,192,,congestion_avoidance,
473,262909.770550,47000,5,132616528,132657072,192.168.88.253,43692,190,,congestion_avoidance,
474,262909.779953,47100,5,132897440,132939432,192.168.88.253,43692,196,,congestion_avoidance,
475,262909.789354,47200,5,133178352,133218896,192.168.88.253,43692,198,,congestion_avoidance,
476,262909.798750,47300,5,133459264,133501256,192.168.88.253,43692,192,,congestion_avoidance,
477,262909.808146,47400,5,133740176,133780720,192.168.88.253,43692,185,,congestion_avoidance,
478,262909.817572,47500,5,134021088,134061632,192.168.88.253,43692,217,,congestion_avoidance,
479,262909.826951,47600,5,134302000,134343992,192.168.88.253,43692,198,,congestion_avoidance,
480,262909.836297,47700,5,134581464,134622008,192.168.88.253,43692,192,,congestion_avoidance,
481,262909.845646,47800,5,134860928,134902920,192.168.88.253,43692,186,,congestion_avoidance,
482,262909.855069,47900,5,135141840,135182384,192.168.88.253,43692,212,,congestion_avoidance,
483,262909.864361,48000,5,135419856,135460400,192.168.88.253,43692,213,,congestion_avoidance,
484,262909.873744,48100,5,135700768,135741312,192.168.88.253,43692,157,,congestion_avoidance,
485,262909.883527,48200,5,135986024,136026568,192.168.88.253,43692,188,,congestion_avoidance,
486,262909.893023,48300,5,136268384,136310376,192.168.88.253,43692,245,,congestion_avoidance,
487,262909.902371,48400,5,136549296,136589840,192.168.88.253,43692,195,,congestion_avoidance,
488,262909.911717,48500,5,136828760,136869304,192.168.88.253,43692,192,,congestion_avoidance,
489,262909.921106,48600,5,137109672,137153112,192.168.88.253,43692,172,,congestion_avoidance,
490,262909.930466,48700,5,137389136,137429680,192.168.88.253,43692,183,,congestion_avoidance,
491,262909.939880,48800,5,137670048,137710592,192.168.88.253,43692,201,,congestion_avoidance,
492,262909.949367,48900,5,137953856,137994400,192.168.88.253,43692,198,,congestion_avoidance,
493,262909.958856,49000,5,138237664,138278208,192.168.88.253,43692,193,,congestion_avoidance,
494,262909.968304,49100,5,138520024,138560568,192.168.88.253,43692,187,,congestion_avoidance,
495,262909.977799,49200,5,138803832,138844376,192.168.88.253,43692,193,,congestion_avoidance,
496,262909.987101,49300,5,139081848,139122392,192.168.88.253,43692,193,,congestion_avoidance,
497,262909.996501,49400,5,139362760,139403304,192.168.88.253,43692,240,,congestion_avoidance,
498,262910.005946,49500,5,139645120,139685664,192.168.88.253,43692,191,,congestion_avoidance,
499,262910.015399,49600,5,139927480,139968024,192.168.88.253,43692,197,,congestion_avoidance,
500,262910.024889,49700,5,140211288,140251832,192.168.88.253,43692,237,,congestion_avoidance,
501,262910.034390,49800,5,140495096,140535640,192.168.88.253,43692,197,,congestion_avoidance,
502,262910.043784,49900,5,140776008,140816552,192.168.88.253,43692,191,,congestion_avoidance,
503,262910.053231,50000,5,141058368,141100360,192.168.88.253,43692,190,,congestion_avoidance,
504,262910.062536,50100,5,141336384,141376928,192.168.88.253,43692,193,,congestion_avoidance,
505,262910.071934,50200,5,141617296,141657840,192.168.88.253,43692,195,,congestion_avoidance,
506,262910.081432,50300,5,141901104,141941648,192.168.88.253,43692,190,,congestion_avoidance,
507,262910.090878,50400,5,142183464,142224008,192.168.88.253,43692,195,,congestion_avoidance,
508,262910.100274,50500,5,142464376,142504920,192.168.88.253,43692,189,,congestion_avoidance,
509,262910.109678,50600,5,142745288,142785832,192.168.88.253,43692,194,,congestion_avoidance,
510,262910.119125,50700,5,143027648,143068192,192.168.88.253,43692,193,,congestion_avoidance,
511,262910.128524,50800,5,143308560,143352000,192.168.88.253,43692,182,,congestion_avoidance,
512,262910.137932,50900,5,143589472,143630016,192.168.88.253,43692,192,,congestion_avoidance,
513,262910.147336,51000,5,143870384,143910928,192.168.88.253,43692,194,,congestion_avoidance,
514,262910.156826,51100,5,144154192,144194736,192.168.88.253,43692,188,,congestion_avoidance,
515,262910.166277,51200,5,144436552,144477096,192.168.88.253,43692,198,,congestion_avoidance,
516,262910.175721,51300,5,144718912,144759456,192.168.88.253,43692,189,,congestion_avoidance,
517,262910.185126,51400,5,144999824,145040368,192.168.88.253,43692,199,,congestion_avoidance,
518,262910.194472,51500,5,145279288,145319832,192.168.88.253,43692,195,,congestion_avoidance,
519,262910.203923,51600,5,145561648,145602192,192.168.88.253,43692,247,,congestion_avoidance,
520,262910.213318,51700,5,145842560,145883104,192.168.88.253,43692,189,,congestion_avoidance,
521,262910.222718,51800,5,146123472,146164016,192.168.88.253,43692,193,,congestion_avoidance,
522,262910.232211,51900,5,146407280,146449272,192.168.88.253,43692,193,,congestion_avoidance,
523,262910.241658,52000,5,146689640,146730184,192.168.88.253,43692,191,,congestion_avoidance,
524,262910.251057,52100,5,146970552,147011096,192.168.88.253,43692,191,,congestion_avoidance,
525,262910.260510,52200,5,147252912,147293456,192.168.88.253,43692,194,,congestion_avoidance,
526,262910.269808,52300,5,147530928,147571472,192.168.88.253,43692,190,,congestion_avoidance,
527,262910.279257,52400,5,147813288,147853832,192.168.88.253,43692,242,,congestion_avoidance,
528,262910.288656,52500,5,148094200,148134744,192.168.88.253,43692,187,,congestion_avoidance,
529,262910.298064,52600,5,148375112,148415656,192.168.88.253,43692,197,,congestion_avoidance,
530,262910.307551,52700,5,148658920,148700912,192.168.88.253,43692,193,,congestion_avoidance,
531,262910.316898,52800,5,148938384,148978928,192.168.88.253,43692,191,,congestion_avoidance,
532,262910.326396,52900,5,149222192,149262736,192.168.88.253,43692,192,,congestion_avoidance,
533,262910.335890,53000,5,149506000,149546544,192.168.88.253,43692,193,,congestion_avoidance,
534,262910.345289,53100,5,149786912,149827456,192.168.88.253,43692,193,,congestion_avoidance,
535,262910.354735,53200,5,150069272,150111264,192.168.88.253,43692,191,,congestion_avoidance,
536,262910.364086,53300,5,150348736,150389280,192.168.88.253,43692,187,,congestion_avoidance,
537,262910.373437,53400,5,150628200,150668744,192.168.88.253,43692,188,,congestion_avoidance,
538,262910.382879,53500,5,150910560,150952552,192.168.88.253,43692,188,,congestion_avoidance,
539,262910.392284,53600,5,151191472,151232016,192.168.88.253,43692,193,,congestion_avoidance,
540,262910.401681,53700,5,151472384,151512928,192.168.88.253,43692,184,,congestion_avoidance,
541,262910.411130,53800,5,151754744,151795288,192.168.88.253,43692,188,,congestion_avoidance,
542,262910.420533,53900,5,152035656,152076200,192.168.88.253,43692,189,,congestion_avoidance,
543,262910.429928,54000,5,152316568,152357112,192.168.88.253,43692,192,,congestion_avoidance,
544,262910.439374,54100,5,152598928,152639472,192.168.88.253,43692,188,,congestion_avoidance,
545,262910.448772,54200,5,152879840,152920384,192.168.88.253,43692,189,,congestion_avoidance,
546,262910.458156,54300,5,153160752,153204192,192.168.88.253,43692,188,,congestion_avoidance,
547,262910.467669,54400,5,153444560,153485104,192.168.88.253,43692,189,,congestion_avoidance,
548,262910.477018,54500,5,153724024,153764568,192.168.88.253,43692,241,,congestion_avoidance,
549,262910.486466,54600,5,154006384,154046928,192.168.88.253,43692,189,,congestion_avoidance,
550,262910.495814,54700,5,154285848,154326392,192.168.88.253,43692,192,,congestion_avoidance,
551,262910.505166,54800,5,154565312,154605856,192.168.88.253,43692,243,,congestion_avoidance,
552,262910.514565,54900,5,154846224,154886768,192.168.88.253,43692,191,,congestion_avoidance,
553,262910.524011,55000,5,155128584,155169128,192.168.88.253,43692,192,,congestion_avoidance,
554,262910.533512,55100,5,155412392,155452936,192.168.88.253,43692,241,,congestion_avoidance,
555,262910.542963,55200,5,155694752,155735296,192.168.88.253,43692,199,,congestion_avoidance,
556,262910.552455,55300,5,155978560,156019104,192.168.88.253,43692,196,,congestion_avoidance,
557,262910.561900,55400,5,156260920,156301464,192.168.88.253,43692,236,,congestion_avoidance,
558,262910.571443,55500,5,156546176,156586720,192.168.88.253,43692,190,,congestion_avoidance,
559,262910.581038,55600,5,156832880,156873424,192.168.88.253,43692,196,,congestion_avoidance,
560,262910.590578,55700,5,157118136,157160128,192.168.88.253,43692,189,,congestion_avoidance,
561,262910.599930,55800,5,157397600,157438144,192.168.88.253,43692,191,,congestion_avoidance,
562,262910.609430,55900,5,157681408,157721952,192.168.88.253,43692,197,,congestion_avoidance,
563,262910.618923,56000,5,157965216,158007208,192.168.88.253,43692,189,,congestion_avoidance,
564,262910.628277,56100,5,158244680,158285224,192.168.88.253,43692,193,,congestion_avoidance,
565,262910.637675,56200,5,158525592,158567584,192.168.88.253,43692,190,,congestion_avoidance,
566,262910.647073,56300,5,158806504,158847048,192.168.88.253,43692,192,,congestion_avoidance,
567,262910.656528,56400,5,159088864,159129408,192.168.88.253,43692,188,,congestion_avoidance,
568,262910.665909,56500,5,159369776,159413216,192.168.88.253,43692,197,,congestion_avoidance,
569,262910.675319,56600,5,159650688,159691232,192.168.88.253,43692,193,,congestion_avoidance,
570,262910.684754,56700,5,159931600,159975040,192.168.88.253,43692,275,,congestion_avoidance,
571,262910.694215,56800,5,160215408,160255952,192.168.88.253,43692,180,,congestion_avoidance,
572,262910.703720,56900,5,160499216,160539760,192.168.88.253,43692,193,,congestion_avoidance,
573,262910.713206,57000,5,160781576,160823568,192.168.88.253,43692,183,,congestion_avoidance,
574,262910.722565,57100,5,161062488,161103032,192.168.88.253,43692,190,,congestion_avoidance,
575,262910.731913,57200,5,161341952,161382496,192.168.88.253,43692,193,,congestion_avoidance,
576,262910.741318,57300,5,161622864,161663408,192.168.88.253,43692,247,,congestion_avoidance,
577,262910.750761,57400,5,161905224,161945768,192.168.88.253,43692,189,,congestion_avoidance,
578,262910.760110,57500,5,162184688,162225232,192.168.88.253,43692,245,,congestion_avoidance,
579,262910.769655,57600,5,162469944,162511936,192.168.88.253,43692,158,,congestion_avoidance,
580,262910.779101,57700,5,162752304,162792848,192.168.88.253,43692,195,,congestion_avoidance,
581,262910.788702,57800,5,163036112,163078104,192.168.88.253,43692,123,,congestion_avoidance,
582,262910.797997,57900,5,163317024,163357568,192.168.88.253,43692,195,,congestion_avoidance,
583,262910.807589,58000,5,163603728,163644272,192.168.88.253,43692,189,,congestion_avoidance,
584,262910.816988,58100,5,163884640,163926632,192.168.88.253,43692,192,,congestion_avoidance,
585,262910.826389,58200,5,164165552,164206096,192.168.88.253,43692,194,,congestion_avoidance,
586,262910.835786,58300,5,164446464,164487008,192.168.88.253,43692,194,,congestion_avoidance,
587,262910.845180,58400,5,164727376,164770816,192.168.88.253,43692,198,,congestion_avoidance,
588,262910.854588,58500,5,165008288,165048832,192.168.88.253,43692,189,,congestion_avoidance,
589,262910.864074,58600,5,165290648,165332640,192.168.88.253,43692,230,,congestion_avoidance,
590,262910.873536,58700,5,165574456,165615000,192.168.88.253,43692,191,,congestion_avoidance,
591,262910.882882,58800,5,165853920,165894464,192.168.88.253,43692,192,,congestion_avoidance,
592,262910.892283,58900,5,166134832,166175376,192.168.88.253,43692,246,,congestion_avoidance,
593,262910.901728,59000,5,166417192,166457736,192.168.88.253,43692,187,,congestion_avoidance,
594,262910.911078,59100,5,166696656,166737200,192.168.88.253,43692,203,,congestion_avoidance,
595,262910.920526,59200,5,166979016,167021008,192.168.88.253,43692,169,,congestion_avoidance,
596,262910.929876,59300,5,167258480,167299024,192.168.88.253,43692,189,,congestion_avoidance,
597,262910.939276,59400,5,167539392,167579936,192.168.88.253,43692,193,,congestion_avoidance,
598,262910.948771,59500,5,167823200,167863744,192.168.88.253,43692,190,,congestion_avoidance,
599,262910.958171,59600,5,168104112,168144656,192.168.88.253,43692,188,,congestion_avoidance,
600,262910.967619,59700,5,168386472,168427016,192.168.88.253,43692,184,,congestion_avoidance,
601,262910.977070,59800,5,168668832,168709376,192.168.88.253,43692,191,,congestion_avoidance,
602,262910.986369,59900,5,168946848,168987392,192.168.88.253,43692,203,,congestion_avoidance,
603,262910.995818,60000,5,169229208,169271200,192.168.88.253,43692,192,,congestion_avoidance,
604,262911.005165,60100,5,169508672,169549216,192.168.88.253,43692,193,,congestion_avoidance,
605,262911.014523,60200,5,169788136,169828680,192.168.88.253,43692,198,,congestion_avoidance,
606,262911.024015,60300,5,170071944,170112488,192.168.88.253,43692,192,,congestion_avoidance,
607,262911.033326,60400,5,170349960,170390504,192.168.88.253,43692,190,,congestion_avoidance,
608,262911.042799,60500,5,170633768,170677208,192.168.88.253,43692,189,,congestion_avoidance,
609,262911.052315,60600,5,170917576,170958120,192.168.88.253,43692,191,,congestion_avoidance,
610,262911.061723,60700,5,171198488,171239032,192.168.88.253,43692,253,,congestion_avoidance,
611,262911.071158,60800,5,171480848,171521392,192.168.88.253,43692,184,,congestion_avoidance,
612,262911.080610,60900,5,171763208,171803752,192.168.88.253,43692,196,,congestion_avoidance,
613,262911.090003,61000,5,172044120,172086112,192.168.88.253,43692,194,,congestion_avoidance,
614,262911.099501,61100,5,172327928,172368472,192.168.88.253,43692,195,,congestion_avoidance,
615,262911.108999,61200,5,172611736,172652280,192.168.88.253,43692,188,,congestion_avoidance,
616,262911.118510,61300,5,172895544,172936088,192.168.88.253,43692,132,,congestion_avoidance,
617,262911.145199,61400,5,173215552,173253200,192.168.88.253,43692,121,,congestion_avoidance,
618,262911.155185,61500,5,173503704,173544248,192.168.88.253,43692,191,,congestion_avoidance,
619,262911.164734,61600,5,173788960,173829504,192.168.88.253,43692,192,,congestion_avoidance,
620,262911.174475,61700,5,174080008,174120552,192.168.88.253,43692,194,,congestion_avoidance,
621,262911.183920,61800,5,174362368,174402912,192.168.88.253,43692,197,,congestion_avoidance,
622,262911.193414,61900,5,174646176,174688168,192.168.88.253,43692,191,,congestion_avoidance,
623,262911.213998,62000,5,174943016,174985008,192.168.88.253,43692,181,,congestion_avoidance,
624,262911.223720,62100,5,175228272,175268816,192.168.88.253,43692,197,,congestion_avoidance,
625,262911.233498,62200,5,175519320,175559864,192.168.88.253,43692,196,,congestion_avoidance,
626,262911.243181,62300,5,175808920,175849464,192.168.88.253,43692,187,,congestion_avoidance,
627,262911.252634,62400,5,176091280,176131824,192.168.88.253,43692,185,,congestion_avoidance,
628,262911.261935,62500,5,176369296,176409840,192.168.88.253,43692,193,,congestion_avoidance,
629,262911.271380,62600,5,176651656,176693648,192.168.88.253,43692,195,,congestion_avoidance,
630,262911.280782,62700,5,176932568,176973112,192.168.88.253,43692,192,,congestion_avoidance,
631,262911.297989,62800,5,177216376,177256920,192.168.88.253,43692,189,,congestion_avoidance,
632,262911.307494,62900,5,177500184,177540728,192.168.88.253,43692,193,,congestion_avoidance,
633,262911.317173,63000,5,177789784,177830328,192.168.88.253,43692,192,,congestion_avoidance,
634,262911.327006,63100,5,178080832,178121376,192.168.88.253,43692,199,,congestion_avoidance,
635,262911.344553,63200,5,178371880,178413872,192.168.88.253,43692,183,,congestion_avoidance,
636,262911.354103,63300,5,178657136,178697680,192.168.88.253,43692,194,,congestion_avoidance,
637,262911.363543,63400,5,178939496,178980040,192.168.88.253,43692,189,,congestion_avoidance,
638,262911.373428,63500,5,179231992,179272536,192.168.88.253,43692,146,,congestion_avoidance,
639,262911.382797,63600,5,179512904,179553448,192.168.88.253,43692,199,,congestion_avoidance,
640,262911.399751,63700,5,179818432,179858976,192.168.88.253,43692,199,,congestion_avoidance,
641,262911.409382,63800,5,180106584,180147128,192.168.88.253,43692,195,,congestion_avoidance,
642,262911.418976,63900,5,180393288,180433832,192.168.88.253,43692,198,,congestion_avoidance,
643,262911.428523,64000,5,180678544,180721984,192.168.88.253,43692,211,,congestion_avoidance,
644,262911.437869,64100,5,180958008,180998552,192.168.88.253,43692,191,,congestion_avoidance,
645,262911.447266,64200,5,181238920,181280912,192.168.88.253,43692,184,,congestion_avoidance,
646,262911.456718,64300,5,181521280,181561824,192.168.88.253,43692,161,,congestion_avoidance,
647,262911.466117,64400,5,181802192,181842736,192.168.88.253,43692,198,,congestion_avoidance,
648,262911.475835,64500,5,182086000,182126544,192.168.88.253,43692,193,,congestion_avoidance,
649,262911.485329,64600,5,182369808,182410352,192.168.88.253,43692,192,,congestion_avoidance,
650,262911.494778,64700,5,182652168,182692712,192.168.88.253,43692,188,,congestion_avoidance,
651,262911.504219,64800,5,182934528,182976520,192.168.88.253,43692,191,,congestion_avoidance,
652,262911.513622,64900,5,183215440,183255984,192.168.88.253,43692,197,,congestion_avoidance,
653,262911.523166,65000,5,183500696,183541240,192.168.88.253,43692,167,,congestion_avoidance,
654,262911.532612,65100,5,183783056,183823600,192.168.88.253,43692,186,,congestion_avoidance,
655,262911.542108,65200,5,184066864,184107408,192.168.88.253,43692,189,,congestion_avoidance,
656,262911.551507,65300,5,184347776,184388320,192.168.88.253,43692,193,,congestion_avoidance,
657,262911.561101,65400,5,184634480,184675024,192.168.88.253,43692,190,,congestion_avoidance,
658,262911.570545,65500,5,184916840,184957384,192.168.88.253,43692,187,,congestion_avoidance,
659,262911.579922,65600,5,185196304,185236848,192.168.88.253,43692,199,,congestion_avoidance,
660,262911.589340,65700,5,185478664,185520656,192.168.88.253,43692,186,,congestion_avoidance,
661,262911.598752,65800,5,185759576,185800120,192.168.88.253,43692,200,,congestion_avoidance,
662,262911.608193,65900,5,186041936,186082480,192.168.88.253,43692,191,,congestion_avoidance,
663,262911.617693,66000,5,186325744,186367736,192.168.88.253,43692,195,,congestion_avoidance,
664,262911.627160,66100,5,186608104,186648648,192.168.88.253,43692,213,,congestion_avoidance,
665,262911.636640,66200,5,186891912,186932456,192.168.88.253,43692,174,,congestion_avoidance,
666,262911.646135,66300,5,187175720,187217712,192.168.88.253,43692,189,,congestion_avoidance,
667,262911.655638,66400,5,187459528,187500072,192.168.88.253,43692,189,,congestion_avoidance,
668,262911.665129,66500,5,187743336,187783880,192.168.88.253,43692,160,,congestion_avoidance,
669,262911.674650,66600,5,188027144,188069136,192.168.88.253,43692,213,,congestion_avoidance,
670,262911.684128,66700,5,188310952,188351496,192.168.88.253,43692,196,,congestion_avoidance,
671,262911.693522,66800,5,188591864,188632408,192.168.88.253,43692,209,,congestion_avoidance,
672,262911.703017,66900,5,188875672,188917664,192.168.88.253,43692,183,,congestion_avoidance,
673,262911.712468,67000,5,189158032,189198576,192.168.88.253,43692,190,,congestion_avoidance,
674,262911.721921,67100,5,189440392,189480936,192.168.88.253,43692,250,,congestion_avoidance,
675,262911.731421,67200,5,189724200,189766192,192.168.88.253,43692,204,,congestion_avoidance,
676,262911.740812,67300,5,190005112,190045656,192.168.88.253,43692,120,,congestion_avoidance,
677,262911.750264,67400,5,190287472,190328016,192.168.88.253,43692,199,,congestion_avoidance,
678,262911.759655,67500,5,190568384,190608928,192.168.88.253,43692,192,,congestion_avoidance,
679,262911.769150,67600,5,190852192,190892736,192.168.88.253,43692,191,,congestion_avoidance,
680,262911.778626,67700,5,191134552,191176544,192.168.88.253,43692,214,,congestion_avoidance,
681,262911.788051,67800,5,191416912,191457456,192.168.88.253,43692,199,,congestion_avoidance,
682,262911.797450,67900,5,191697824,191738368,192.168.88.253,43692,176,,congestion_avoidance,
683,262911.806967,68000,5,191981632,192023624,192.168.88.253,43692,214,,congestion_avoidance,
684,262911.816484,68100,5,192266888,192307432,192.168.88.253,43692,191,,congestion_avoidance,
685,262911.825978,68200,5,192550696,192591240,192.168.88.253,43692,187,,congestion_avoidance,
686,262911.835428,68300,5,192833056,192873600,192.168.88.253,43692,243,,congestion_avoidance,
687,262911.844825,68400,5,193113968,193154512,192.168.88.253,43692,191,,congestion_avoidance,
688,262911.854217,68500,5,193393432,193436872,192.168.88.253,43692,272,,congestion_avoidance,
689,262911.863672,68600,5,193677240,193717784,192.168.88.253,43692,190,,congestion_avoidance,
690,262911.873124,68700,5,193959600,194000144,192.168.88.253,43692,197,,congestion_avoidance,
691,262911.882662,68800,5,194244856,194285400,192.168.88.253,43692,173,,congestion_avoidance,
692,262911.892211,68900,5,194530112,194572104,192.168.88.253,43692,192,,congestion_avoidance,
693,262911.901660,69000,5,194812472,194853016,192.168.88.253,43692,159,,congestion_avoidance,
694,262911.911058,69100,5,195093384,195133928,192.168.88.253,43692,193,,congestion_avoidance,
695,262911.920648,69200,5,195380088,195420632,192.168.88.253,43692,191,,congestion_avoidance,
696,262911.930146,69300,5,195663896,195704440,192.168.88.253,43692,191,,congestion_avoidance,
697,262911.939639,69400,5,195947704,195988248,192.168.88.253,43692,188,,congestion_avoidance,
698,262911.949193,69500,5,196232960,196276400,192.168.88.253,43692,182,,congestion_avoidance,
699,262911.958784,69600,5,196519664,196560208,192.168.88.253,43692,172,,congestion_avoidance,
700,262911.968122,69700,5,196797680,196841120,192.168.88.253,43692,280,,congestion_avoidance,
701,262911.987487,69900,5,197376880,197417424,192.168.88.253,43692,221,,congestion_avoidance,
702,262911.996859,70000,5,197657792,197698336,192.168.88.253,43692,207,,congestion_avoidance,
703,262912.006350,70100,5,197941600,197983592,192.168.88.253,43692,189,,congestion_avoidance,
704,262912.015799,70200,5,198223960,198264504,192.168.88.253,43692,192,,congestion_avoidance,
705,262912.025247,70300,5,198506320,198546864,192.168.88.253,43692,171,,congestion_avoidance,
706,262912.034645,70400,5,198787232,198827776,192.168.88.253,43692,191,,congestion_avoidance,
707,262912.044046,70500,5,199068144,199108688,192.168.88.253,43692,193,,congestion_avoidance,
708,262912.053495,70600,5,199350504,199391048,192.168.88.253,43692,195,,congestion_avoidance,
709,262912.063085,70700,5,199637208,199677752,192.168.88.253,43692,192,,congestion_avoidance,
710,262912.072486,70800,5,199918120,199958664,192.168.88.253,43692,165,,congestion_avoidance,
711,262912.081889,70900,5,200199032,200239576,192.168.88.253,43692,191,,congestion_avoidance,
712,262912.091390,71000,5,200482840,200523384,192.168.88.253,43692,195,,congestion_avoidance,
713,262912.100829,71100,5,200765200,200805744,192.168.88.253,43692,184,,congestion_avoidance,
714,262912.110283,71200,5,201047560,201088104,192.168.88.253,43692,243,,congestion_avoidance,
715,262912.119730,71300,5,201329920,201370464,192.168.88.253,43692,191,,congestion_avoidance,
716,262912.129179,71400,5,201612280,201652824,192.168.88.253,43692,173,,congestion_avoidance,
717,262912.138672,71500,5,201896088,201938080,192.168.88.253,43692,186,,congestion_avoidance,
718,262912.148135,71600,5,202178448,202218992,192.168.88.253,43692,200,,congestion_avoidance,
719,262912.157544,71700,5,202459360,202499904,192.168.88.253,43692,260,,congestion_avoidance,
720,262912.167025,71800,5,202743168,202783712,192.168.88.253,43692,192,,congestion_avoidance,
721,262912.176523,71900,5,203026976,203067520,192.168.88.253,43692,182,,congestion_avoidance,
722,262912.185972,72000,5,203309336,203349880,192.168.88.253,43692,194,,congestion_avoidance,
723,262912.195513,72100,5,203594592,203635136,192.168.88.253,43692,192,,congestion_avoidance,
724,262912.205009,72200,5,203878400,203918944,192.168.88.253,43692,193,,congestion_avoidance,
725,262912.214456,72300,5,204160760,204201304,192.168.88.253,43692,193,,congestion_avoidance,
726,262912.223981,72400,5,204444568,204485112,192.168.88.253,43692,208,,congestion_avoidance,
727,262912.233507,72500,5,204729824,204770368,192.168.88.253,43692,198,,congestion_avoidance,
728,262912.242986,72600,5,205012184,205054176,192.168.88.253,43692,229,,congestion_avoidance,
729,262912.252453,72700,5,205295992,205336536,192.168.88.253,43692,204,,congestion_avoidance,
730,262912.261843,72800,5,205576904,205617448,192.168.88.253,43692,193,,congestion_avoidance,
731,262912.271193,72900,5,205856368,205896912,192.168.88.253,43692,242,,congestion_avoidance,
732,262912.280643,73000,5,206138728,206179272,192.168.88.253,43692,191,,congestion_avoidance,
733,262912.290040,73100,5,206419640,206460184,192.168.88.253,43692,191,,congestion_avoidance,
734,262912.299486,73200,5,206702000,206743992,192.168.88.253,43692,191,,congestion_avoidance,
735,262912.308787,73300,5,206980016,207020560,192.168.88.253,43692,189,,congestion_avoidance,
736,262912.318286,73400,5,207263824,207304368,192.168.88.253,43692,193,,congestion_avoidance,
737,262912.327828,73500,5,207549080,207591072,192.168.88.253,43692,192,,congestion_avoidance,
738,262912.337276,73600,5,207831440,207871984,192.168.88.253,43692,193,,congestion_avoidance,
739,262912.346730,73700,5,208113800,208154344,192.168.88.253,43692,247,,congestion_avoidance,
740,262912.356175,73800,5,208396160,208436704,192.168.88.253,43692,192,,congestion_avoidance,
741,262912.365523,73900,5,208675624,208716168,192.168.88.253,43692,192,,congestion_avoidance,
742,262912.375021,74000,5,208959432,208999976,192.168.88.253,43692,195,,congestion_avoidance,
743,262912.384567,74100,5,209244688,209285232,192.168.88.253,43692,190,,congestion_avoidance,
744,262912.393972,74200,5,209525600,209566144,192.168.88.253,43692,196,,congestion_avoidance,
745,262912.403418,74300,5,209807960,209848504,192.168.88.253,43692,193,,congestion_avoidance,
746,262912.412864,74400,5,210090320,210130864,192.168.88.253,43692,193,,congestion_avoidance,
747,262912.422262,74500,5,210371232,210411776,192.168.88.253,43692,193,,congestion_avoidance,
748,262912.431759,74600,5,210655040,210695584,192.168.88.253,43692,244,,congestion_avoidance,
749,262912.441110,74700,5,210934504,210975048,192.168.88.253,43692,195,,congestion_avoidance,
750,262912.450497,74800,5,211213968,211255960,192.168.88.253,43692,230,,congestion_avoidance,
751,262912.459906,74900,5,211496328,211536872,192.168.88.253,43692,193,,congestion_avoidance,
752,262912.469306,75000,5,211777240,211817784,192.168.88.253,43692,190,,congestion_avoidance,
753,262912.478898,75100,5,212063944,212104488,192.168.88.253,43692,192,,congestion_avoidance,
754,262912.488467,75200,5,212349200,212389744,192.168.88.253,43692,218,,congestion_avoidance,
755,262912.497745,75300,5,212627216,212667760,192.168.88.253,43692,193,,congestion_avoidance,
756,262912.507181,75400,5,212909576,212953016,192.168.88.253,43692,196,,congestion_avoidance,
757,262912.516835,75500,5,213197728,213238272,192.168.88.253,43692,193,,congestion_avoidance,
758,262912.526327,75600,5,213481536,213522080,192.168.88.253,43692,192,,congestion_avoidance,
759,262912.535823,75700,5,213765344,213805888,192.168.88.253,43692,190,,congestion_avoidance,
760,262912.545317,75800,5,214049152,214089696,192.168.88.253,43692,192,,congestion_avoidance,
761,262912.554720,75900,5,214330064,214370608,192.168.88.253,43692,193,,congestion_avoidance,
762,262912.564211,76000,5,214613872,214654416,192.168.88.253,43692,189,,congestion_avoidance,
763,262912.573764,76100,5,214899128,214939672,192.168.88.253,43692,192,,congestion_avoidance,
764,262912.583159,76200,5,215180040,215220584,192.168.88.253,43692,194,,congestion_avoidance,
765,262912.592559,76300,5,215460952,215501496,192.168.88.253,43692,237,,congestion_avoidance,
766,262912.602101,76400,5,215746208,215786752,192.168.88.253,43692,189,,congestion_avoidance,
767,262912.611551,76500,5,216028568,216069112,192.168.88.253,43692,192,,congestion_avoidance,
768,262912.621007,76600,5,216310928,216351472,192.168.88.253,43692,196,,congestion_avoidance,
769,262912.630403,76700,5,216591840,216632384,192.168.88.253,43692,199,,congestion_avoidance,
770,262912.639753,76800,5,216871304,216911848,192.168.88.253,43692,193,,congestion_avoidance,
771,262912.649208,76900,5,217153664,217195656,192.168.88.253,43692,195,,congestion_avoidance,
772,262912.658750,77000,5,217438920,217479464,192.168.88.253,43692,191,,congestion_avoidance,
773,262912.668184,77100,5,217719832,217761824,192.168.88.253,43692,218,,congestion_avoidance,
774,262912.677500,77200,5,217999296,218039840,192.168.88.253,43692,191,,congestion_avoidance,
775,262912.686849,77300,5,218278760,218319304,192.168.88.253,43692,192,,congestion_avoidance,
776,262912.696397,77400,5,218562568,218603112,192.168.88.253,43692,290,,congestion_avoidance,
777,262912.705846,77500,5,218846376,218886920,192.168.88.253,43692,189,,congestion_avoidance,
778,262912.715249,77600,5,219127288,219167832,192.168.88.253,43692,199,,congestion_avoidance,
779,262912.724701,77700,5,219409648,219450192,192.168.88.253,43692,251,,congestion_avoidance,
780,262912.734039,77800,5,219689112,219729656,192.168.88.253,43692,191,,congestion_avoidance,
781,262912.743502,77900,5,219971472,220012016,192.168.88.253,43692,249,,congestion_avoidance,
782,262912.752983,78000,5,220255280,220297272,192.168.88.253,43692,193,,congestion_avoidance,
783,262912.762436,78100,5,220537640,220578184,192.168.88.253,43692,198,,congestion_avoidance,
784,262912.771868,78200,5,220818552,220860544,192.168.88.253,43692,231,,congestion_avoidance,
785,262912.781232,78300,5,221099464,221140008,192.168.88.253,43692,196,,congestion_avoidance,
786,262912.790530,78400,5,221377480,221418024,192.168.88.253,43692,188,,congestion_avoidance,
787,262912.800034,78500,5,221661288,221701832,192.168.88.253,43692,242,,congestion_avoidance,
788,262912.809528,78600,5,221945096,221985640,192.168.88.253,43692,190,,congestion_avoidance,
789,262912.818927,78700,5,222226008,222266552,192.168.88.253,43692,192,,congestion_avoidance,
790,262912.828328,78800,5,222506920,222548912,192.168.88.253,43692,189,,congestion_avoidance,
791,262912.837767,78900,5,222789280,222829824,192.168.88.253,43692,193,,congestion_avoidance,
792,262912.847250,79000,5,223071640,223115080,192.168.88.253,43692,277,,congestion_avoidance,
793,262912.856622,79100,5,223352552,223393096,192.168.88.253,43692,200,,congestion_avoidance,
794,262912.866012,79200,5,223633464,223674008,192.168.88.253,43692,192,,congestion_avoidance,
795,262912.875366,79300,5,223912928,223953472,192.168.88.253,43692,244,,congestion_avoidance,
796,262912.884808,79400,5,224195288,224235832,192.168.88.253,43692,191,,congestion_avoidance,
797,262912.894260,79500,5,224477648,224518192,192.168.88.253,43692,192,,congestion_avoidance,
798,262912.903756,79600,5,224761456,224802000,192.168.88.253,43692,244,,congestion_avoidance,
799,262912.913253,79700,5,225045264,225085808,192.168.88.253,43692,194,,congestion_avoidance,
800,262912.922599,79800,5,225324728,225365272,192.168.88.253,43692,192,,congestion_avoidance,
801,262912.932046,79900,5,225607088,225649080,192.168.88.253,43692,193,,congestion_avoidance,
802,262912.941399,80000,5,225886552,225927096,192.168.88.253,43692,192,,congestion_avoidance,
803,262912.950795,80100,5,226167464,226208008,192.168.88.253,43692,192,,congestion_avoidance,
804,262912.960148,80200,5,226446928,226487472,192.168.88.253,43692,188,,congestion_avoidance,
805,262912.969547,80300,5,226727840,226768384,192.168.88.253,43692,181,,congestion_avoidance,
806,262912.978942,80400,5,227008752,227049296,192.168.88.253,43692,194,,congestion_avoidance,
807,262912.988396,80500,5,227291112,227331656,192.168.88.253,43692,199,,congestion_avoidance,
808,262912.997789,80600,5,227572024,227612568,192.168.88.253,43692,191,,congestion_avoidance,
809,262913.007336,80700,5,227857280,227897824,192.168.88.253,43692,191,,congestion_avoidance,
810,262913.016684,80800,5,228136744,228177288,192.168.88.253,43692,189,,congestion_avoidance,
811,262913.026179,80900,5,228420552,228461096,192.168.88.253,43692,192,,congestion_avoidance,
812,262913.035678,81000,5,228704360,228744904,192.168.88.253,43692,190,,congestion_avoidance,
813,262913.045170,81100,5,228988168,229028712,192.168.88.253,43692,193,,congestion_avoidance,
814,262913.054623,81200,5,229270528,229311072,192.168.88.253,43692,186,,congestion_avoidance,
815,262913.064066,81300,5,229552888,229593432,192.168.88.253,43692,186,,congestion_avoidance,
816,262913.073469,81400,5,229833800,229874344,192.168.88.253,43692,194,,congestion_avoidance,
817,262913.082867,81500,5,230114712,230156704,192.168.88.253,43692,194,,congestion_avoidance,
818,262913.092218,81600,5,230394176,230434720,192.168.88.253,43692,191,,congestion_avoidance,
819,262913.101661,81700,5,230676536,230718528,192.168.88.253,43692,189,,congestion_avoidance,
820,262913.111013,81800,5,230956000,230996544,192.168.88.253,43692,193,,congestion_avoidance,
821,262913.120512,81900,5,231239808,231280352,192.168.88.253,43692,155,,congestion_avoidance,
822,262913.129917,82000,5,231520720,231561264,192.168.88.253,43692,249,,congestion_avoidance,
823,262913.139318,82100,5,231801632,231842176,192.168.88.253,43692,186,,congestion_avoidance,
824,262913.148927,82200,5,232085440,232123088,192.168.88.253,43692,294,,congestion_avoidance,
825,262913.158321,82300,5,232369248,232411240,192.168.88.253,43692,204,,congestion_avoidance,
826,262913.167713,82400,5,232650160,232690704,192.168.88.253,43692,195,,congestion_avoidance,
827,262913.177240,82500,5,232933968,232975960,192.168.88.253,43692,214,,congestion_avoidance,
828,262913.186706,82600,5,233217776,233258320,192.168.88.253,43692,192,,congestion_avoidance,
829,262913.196205,82700,5,233501584,233542128,192.168.88.253,43692,193,,congestion_avoidance,
830,262913.205699,82800,5,233783944,233824488,192.168.88.253,43692,289,,congestion_avoidance,
831,262913.215191,82900,5,234069200,234111192,192.168.88.253,43692,188,,congestion_avoidance,
832,262913.224691,83000,5,234353008,234393552,192.168.88.253,43692,187,,congestion_avoidance,
833,262913.234152,83100,5,234635368,234675912,192.168.88.253,43692,254,,congestion_avoidance,
834,262913.243681,83200,5,234920624,234962616,192.168.88.253,43692,180,,congestion_avoidance,
835,262913.253180,83300,5,235204432,235244976,192.168.88.253,43692,192,,congestion_avoidance,
836,262913.262670,83400,5,235488240,235528784,192.168.88.253,43692,190,,congestion_avoidance,
837,262913.272120,83500,5,235770600,235811144,192.168.88.253,43692,241,,congestion_avoidance,
838,262913.281611,83600,5,236054408,236094952,192.168.88.253,43692,191,,congestion_avoidance,
839,262913.291004,83700,5,236335320,236378760,192.168.88.253,43692,192,,congestion_avoidance,
840,262913.300561,83800,5,236620576,236661120,192.168.88.253,43692,188,,congestion_avoidance,
841,262913.310054,83900,5,236904384,236944928,192.168.88.253,43692,192,,congestion_avoidance,
842,262913.319822,84000,5,237193984,237235976,192.168.88.253,43692,271,,congestion_avoidance,
843,262913.329098,84100,5,237473448,237513992,192.168.88.253,43692,195,,congestion_avoidance,
844,262913.338495,84200,5,237754360,237796352,192.168.88.253,43692,189,,congestion_avoidance,
845,262913.347897,84300,5,238035272,238075816,192.168.88.253,43692,197,,congestion_avoidance,
846,262913.357337,84400,5,238317632,238358176,192.168.88.253,43692,192,,congestion_avoidance,
847,262913.366836,84500,5,238601440,238641984,192.168.88.253,43692,189,,congestion_avoidance,
848,262913.376336,84600,5,238885248,238925792,192.168.88.253,43692,194,,congestion_avoidance,
849,262913.385631,84700,5,239163264,239203808,192.168.88.253,43692,192,,congestion_avoidance,
850,262913.395021,84800,5,239444176,239487616,192.168.88.253,43692,196,,congestion_avoidance,
851,262913.404528,84900,5,239727984,239768528,192.168.88.253,43692,145,,congestion_avoidance,
852,262913.414071,85000,5,240013240,240053784,192.168.88.253,43692,192,,congestion_avoidance,
853,262913.431699,85100,5,240311528,240349176,192.168.88.253,43692,141,,congestion_avoidance,
854,262913.447531,85200,5,240605472,240646016,192.168.88.253,43692,240,,congestion_avoidance,
855,262913.457131,85300,5,240892176,240932720,192.168.88.253,43692,197,,congestion_avoidance,
856,262913.466492,85400,5,241171640,241212184,192.168.88.253,43692,178,,congestion_avoidance,
857,262913.476026,85500,5,241456896,241497440,192.168.88.253,43692,249,,congestion_avoidance,
858,262913.485471,85600,5,241739256,241779800,192.168.88.253,43692,196,,congestion_avoidance,
859,262913.504265,85800,5,242301080,242341624,192.168.88.253,43692,165,,congestion_avoidance,
860,262913.513760,85900,5,242584888,242625432,192.168.88.253,43692,162,,congestion_avoidance,
861,262913.523159,86000,5,242865800,242907792,192.168.88.253,43692,190,,congestion_avoidance,
862,262913.532558,86100,5,243146712,243187256,192.168.88.253,43692,189,,congestion_avoidance,
863,262913.541958,86200,5,243427624,243468168,192.168.88.253,43692,195,,congestion_avoidance,
864,262913.551349,86300,5,243708536,243751976,192.168.88.253,43692,201,,congestion_avoidance,
865,262913.560854,86400,5,243992344,244032888,192.168.88.253,43692,191,,congestion_avoidance,
866,262913.570254,86500,5,244273256,244313800,192.168.88.253,43692,206,,congestion_avoidance,
867,262913.579743,86600,5,244557064,244599056,192.168.88.253,43692,191,,congestion_avoidance,
868,262913.589150,86700,5,244837976,244878520,192.168.88.253,43692,195,,congestion_avoidance,
869,262913.598569,86800,5,245118888,245162328,192.168.88.253,43692,262,,congestion_avoidance,
870,262913.607993,86900,5,245401248,245441792,192.168.88.253,43692,190,,congestion_avoidance,
871,262913.617454,87000,5,245683608,245724152,192.168.88.253,43692,199,,congestion_avoidance,
872,262913.626893,87100,5,245965968,246007960,192.168.88.253,43692,195,,congestion_avoidance,
873,262913.636347,87200,5,246248328,246288872,192.168.88.253,43692,170,,congestion_avoidance,
874,262913.645739,87300,5,246529240,246569784,192.168.88.253,43692,185,,congestion_avoidance,
875,262913.655134,87400,5,246810152,246853592,192.168.88.253,43692,198,,congestion_avoidance,
876,262913.664542,87500,5,247091064,247131608,192.168.88.253,43692,192,,congestion_avoidance,
877,262913.673987,87600,5,247371976,247415416,192.168.88.253,43692,285,,congestion_avoidance,
878,262913.683347,87700,5,247652888,247693432,192.168.88.253,43692,199,,congestion_avoidance,
879,262913.692792,87800,5,247935248,247975792,192.168.88.253,43692,187,,congestion_avoidance,
880,262913.702289,87900,5,248219056,248259600,192.168.88.253,43692,194,,congestion_avoidance,
881,262913.711829,88000,5,248504312,248544856,192.168.88.253,43692,189,,congestion_avoidance,
882,262913.721179,88100,5,248783776,248824320,192.168.88.253,43692,192,,congestion_avoidance,
883,262913.730677,88200,5,249067584,249108128,192.168.88.253,43692,195,,congestion_avoidance,
884,262913.740217,88300,5,249352840,249393384,192.168.88.253,43692,190,,congestion_avoidance,
885,262913.749667,88400,5,249635200,249675744,192.168.88.253,43692,187,,congestion_avoidance,
886,262913.759113,88500,5,249917560,249958104,192.168.88.253,43692,193,,congestion_avoidance,
887,262913.768561,88600,5,250199920,250240464,192.168.88.253,43692,189,,congestion_avoidance,
888,262913.777912,88700,5,250479384,250519928,192.168.88.253,43692,192,,congestion_avoidance,
889,262913.787366,88800,5,250761744,250802288,192.168.88.253,43692,200,,congestion_avoidance,
890,262913.796860,88900,5,251045552,251086096,192.168.88.253,43692,192,,congestion_avoidance,
891,262913.806218,89000,5,251325016,251365560,192.168.88.253,43692,197,,congestion_avoidance,
892,262913.815664,89100,5,251607376,251647920,192.168.88.253,43692,241,,congestion_avoidance,
893,262913.825201,89200,5,251892632,251933176,192.168.88.253,43692,194,,congestion_avoidance,
894,262913.834649,89300,5,252174992,252215536,192.168.88.253,43692,188,,congestion_avoidance,
895,262913.844053,89400,5,252455904,252496448,192.168.88.253,43692,243,,congestion_avoidance,
896,262913.853496,89500,5,252738264,252778808,192.168.88.253,43692,190,,congestion_avoidance,
897,262913.862846,89600,5,253017728,253058272,192.168.88.253,43692,244,,congestion_avoidance,
898,262913.872246,89700,5,253298640,253339184,192.168.88.253,43692,190,,congestion_avoidance,
899,262913.881547,89800,5,253576656,253617200,192.168.88.253,43692,187,,congestion_avoidance,
900,262913.890993,89900,5,253859016,253899560,192.168.88.253,43692,242,,congestion_avoidance,
901,262913.900398,90000,5,254139928,254180472,192.168.88.253,43692,199,,congestion_avoidance,
902,262913.909742,90100,5,254419392,254459936,192.168.88.253,43692,233,,congestion_avoidance,
903,262913.919244,90200,5,254703200,254743744,192.168.88.253,43692,198,,congestion_avoidance,
904,262913.928689,90300,5,254985560,255026104,192.168.88.253,43692,194,,congestion_avoidance,
905,262913.938037,90400,5,255265024,255305568,192.168.88.253,43692,191,,congestion_avoidance,
906,262913.947436,90500,5,255545936,255586480,192.168.88.253,43692,191,,congestion_avoidance,
907,262913.956791,90600,5,255825400,255865944,192.168.88.253,43692,215,,congestion_avoidance,
908,262913.966329,90700,5,256110656,256152648,192.168.88.253,43692,192,,congestion_avoidance,
909,262913.975727,90800,5,256391568,256432112,192.168.88.253,43692,190,,congestion_avoidance,
910,262913.985176,90900,5,256673928,256714472,192.168.88.253,43692,192,,congestion_avoidance,
911,262913.994622,91000,5,256956288,256996832,192.168.88.253,43692,189,,congestion_avoidance,
912,262914.004070,91100,5,257238648,257279192,192.168.88.253,43692,190,,congestion_avoidance,
913,262914.013565,91200,5,257522456,257563000,192.168.88.253,43692,184,,congestion_avoidance,
914,262914.023106,91300,5,257807712,257849704,192.168.88.253,43692,187,,congestion_avoidance,
915,262914.032558,91400,5,258090072,258130616,192.168.88.253,43692,188,,congestion_avoidance,
916,262914.042055,91500,5,258373880,258414424,192.168.88.253,43692,207,,congestion_avoidance,
917,262914.051548,91600,5,258657688,258699680,192.168.88.253,43692,189,,congestion_avoidance,
918,262914.060901,91700,5,258937152,258977696,192.168.88.253,43692,194,,congestion_avoidance,
919,262914.070401,91800,5,259220960,259261504,192.168.88.253,43692,197,,congestion_avoidance,
920,262914.079939,91900,5,259506216,259548208,192.168.88.253,43692,192,,congestion_avoidance,
921,262914.089436,92000,5,259790024,259830568,192.168.88.253,43692,193,,congestion_avoidance,
922,262914.098931,92100,5,260073832,260114376,192.168.88.253,43692,193,,congestion_avoidance,
923,262914.108434,92200,5,260357640,260398184,192.168.88.253,43692,250,,congestion_avoidance,
924,262914.117833,92300,5,260638552,260679096,192.168.88.253,43692,191,,congestion_avoidance,
925,262914.127282,92400,5,260920912,260961456,192.168.88.253,43692,195,,congestion_avoidance,
926,262914.136790,92500,5,261204720,261245264,192.168.88.253,43692,249,,congestion_avoidance,
927,262914.146232,92600,5,261487080,261527624,192.168.88.253,43692,194,,congestion_avoidance,
928,262914.155631,92700,5,261767992,261808536,192.168.88.253,43692,195,,congestion_avoidance,
929,262914.165122,92800,5,262051800,262093792,192.168.88.253,43692,188,,congestion_avoidance,
930,262914.174530,92900,5,262332712,262373256,192.168.88.253,43692,200,,congestion_avoidance,
931,262914.183962,93000,5,262613624,262655616,192.168.88.253,43692,231,,congestion_avoidance,
932,262914.193328,93100,5,262894536,262935080,192.168.88.253,43692,195,,congestion_avoidance,
933,262914.203723,93200,5,263188480,263229024,192.168.88.253,43692,119,,congestion_avoidance,
934,262914.213752,93300,5,263472288,263512832,192.168.88.253,43692,182,,congestion_avoidance,
935,262914.223198,93400,5,263754648,263798088,192.168.88.253,43692,207,,congestion_avoidance,
936,262914.233006,93500,5,264047144,264087688,192.168.88.253,43692,213,,congestion_avoidance,
937,262914.242525,93600,5,264332400,264372944,192.168.88.253,43692,190,,congestion_avoidance,
938,262914.252027,93700,5,264616208,264656752,192.168.88.253,43692,190,,congestion_avoidance,
939,262914.262021,93800,5,264902912,264943456,192.168.88.253,43692,118,,congestion_avoidance,
940,262914.271527,93900,5,265188168,265228712,192.168.88.253,43692,187,,congestion_avoidance,
941,262914.281221,94000,5,265473424,265513968,192.168.88.253,43692,186,,congestion_avoidance,
942,262914.290710,94100,5,265757232,265800672,192.168.88.253,43692,192,,congestion_avoidance,
943,262914.300949,94200,5,266046832,266087376,192.168.88.253,43692,192,,congestion_avoidance,
944,262914.311285,94300,5,266332088,266372632,192.168.88.253,43692,162,,congestion_avoidance,
945,262914.320777,94400,5,266615896,266656440,192.168.88.253,43692,189,,congestion_avoidance,
946,262914.330275,94500,5,266899704,266940248,192.168.88.253,43692,192,,congestion_avoidance,
947,262914.339975,94600,5,267184960,267225504,192.168.88.253,43692,201,,congestion_avoidance,
948,262914.349417,94700,5,267467320,267509312,192.168.88.253,43692,189,,congestion_avoidance,
949,262914.358861,94800,5,267749680,267790224,192.168.88.253,43692,188,,congestion_avoidance,
950,262914.368382,94900,5,268032040,268072584,192.168.88.253,43692,264,,congestion_avoidance,
951,262914.377804,95000,5,268315848,268356392,192.168.88.253,43692,190,,congestion_avoidance,
952,262914.387351,95100,5,268601104,268641648,192.168.88.253,43692,193,,congestion_avoidance,
953,262914.396796,95200,5,268883464,268924008,192.168.88.253,43692,198,,congestion_avoidance,
954,262914.406251,95300,5,269165824,269206368,192.168.88.253,43692,199,,congestion_avoidance,
955,262914.415740,95400,5,269449632,269490176,192.168.88.253,43692,193,,congestion_avoidance,
956,262914.425136,95500,5,269730544,269771088,192.168.88.253,43692,192,,congestion_avoidance,
957,262914.434588,95600,5,270012904,270053448,192.168.88.253,43692,248,,congestion_avoidance,
958,262914.443999,95700,5,270293816,270334360,192.168.88.253,43692,209,,congestion_avoidance,
959,262914.453310,95800,5,270571832,270615272,192.168.88.253,43692,260,,congestion_avoidance,
960,262914.462788,95900,5,270855640,270896184,192.168.88.253,43692,197,,congestion_avoidance,
961,262914.472134,96000,5,271135104,271175648,192.168.88.253,43692,190,,congestion_avoidance,
962,262914.481579,96100,5,271417464,271459456,192.168.88.253,43692,193,,congestion_avoidance,
963,262914.490930,96200,5,271696928,271737472,192.168.88.253,43692,190,,congestion_avoidance,
964,262914.500332,96300,5,271977840,272018384,192.168.88.253,43692,184,,congestion_avoidance,
965,262914.512541,96400,5,272263096,272303640,192.168.88.253,43692,122,,congestion_avoidance,
966,262914.521808,96500,5,272548352,272588896,192.168.88.253,43692,198,,congestion_avoidance,
967,262914.531295,96600,5,272832160,272874152,192.168.88.253,43692,193,,congestion_avoidance,
968,262914.540641,96700,5,273111624,273152168,192.168.88.253,43692,186,,congestion_avoidance,
969,262914.550090,96800,5,273393984,273434528,192.168.88.253,43692,193,,congestion_avoidance,
970,262914.559585,96900,5,273677792,273718336,192.168.88.253,43692,191,,congestion_avoidance,
971,262914.569032,97000,5,273960152,274000696,192.168.88.253,43692,191,,congestion_avoidance,
972,262914.578532,97100,5,274243960,274284504,192.168.88.253,43692,193,,congestion_avoidance,
973,262914.588026,97200,5,274527768,274569760,192.168.88.253,43692,193,,congestion_avoidance,
974,262914.597520,97300,5,274811576,274852120,192.168.88.253,43692,191,,congestion_avoidance,
975,262914.606922,97400,5,275092488,275133032,192.168.88.253,43692,193,,congestion_avoidance,
976,262914.616468,97500,5,275377744,275419736,192.168.88.253,43692,192,,congestion_avoidance,
977,262914.625914,97600,5,275660104,275700648,192.168.88.253,43692,190,,congestion_avoidance,
978,262914.635320,97700,5,275941016,275981560,192.168.88.253,43692,171,,congestion_avoidance,
979,262914.644773,97800,5,276223376,276263920,192.168.88.253,43692,196,,congestion_avoidance,
980,262914.654169,97900,5,276504288,276544832,192.168.88.253,43692,191,,congestion_avoidance,
981,262914.663565,98000,5,276785200,276827192,192.168.88.253,43692,185,,congestion_avoidance,
982,262914.673017,98100,5,277067560,277108104,192.168.88.253,43692,193,,congestion_avoidance,
983,262914.682411,98200,5,277348472,277389016,192.168.88.253,43692,192,,congestion_avoidance,
984,262914.691812,98300,5,277629384,277669928,192.168.88.253,43692,239,,congestion_avoidance,
985,262914.701164,98400,5,277908848,277949392,192.168.88.253,43692,194,,congestion_avoidance,
986,262914.710511,98500,5,278188312,278230304,192.168.88.253,43692,191,,congestion_avoidance,
987,262914.719917,98600,5,278469224,278509768,192.168.88.253,43692,191,,congestion_avoidance,
988,262914.729262,98700,5,278748688,278789232,192.168.88.253,43692,191,,congestion_avoidance,
989,262914.738713,98800,5,279031048,279071592,192.168.88.253,43692,240,,congestion_avoidance,
990,262914.748217,98900,5,279314856,279355400,192.168.88.253,43692,193,,congestion_avoidance,
991,262914.757560,99000,5,279594320,279634864,192.168.88.253,43692,203,,congestion_avoidance,
992,262914.766969,99100,5,279875232,279915776,192.168.88.253,43692,201,,congestion_avoidance,
993,262914.776409,99200,5,280157592,280198136,192.168.88.253,43692,201,,congestion_avoidance,
994,262914.785798,99300,5,280438504,280480496,192.168.88.253,43692,184,,congestion_avoidance,
995,262914.795250,99400,5,280720864,280761408,192.168.88.253,43692,193,,congestion_avoidance,
996,262914.804650,99500,5,281001776,281042320,192.168.88.253,43692,178,,congestion_avoidance,
997,262914.814048,99600,5,281282688,281323232,192.168.88.253,43692,243,,congestion_avoidance,
998,262914.823496,99700,5,281565048,281605592,192.168.88.253,43692,194,,congestion_avoidance,
999,262914.832894,99800,5,281845960,281886504,192.168.88.253,43692,193,,congestion_avoidance,
1000,262914.842345,99900,5,282128320,282171760,192.168.88.253,43692,211,,congestion_avoidance,
1001,262914.851691,100000,5,282407784,282448328,192.168.88.253,43692,191,,congestion_avoidance,
1002,262914.861137,100100,5,282690144,282730688,192.168.88.253,43692,191,,congestion_avoidance,
1003,262914.870545,100200,5,282971056,283011600,192.168.88.253,43692,198,,congestion_avoidance,
1004,262914.879894,100300,5,283250520,283291064,192.168.88.253,43692,197,,congestion_avoidance,
1005,262914.889396,100400,5,283534328,283574872,192.168.88.253,43692,196,,congestion_avoidance,
1006,262914.898834,100500,5,283816688,283857232,192.168.88.253,43692,191,,congestion_avoidance,
1007,262914.908232,100600,5,284097600,284138144,192.168.88.253,43692,193,,congestion_avoidance,
1008,262914.917777,100700,5,284382856,284423400,192.168.88.253,43692,244,,congestion_avoidance,
1009,262914.927470,100800,5,284672456,284713000,192.168.88.253,43692,198,,congestion_avoidance,
1010,262914.936914,100900,5,284954816,284995360,192.168.88.253,43692,195,,congestion_avoidance,
1011,262914.946364,101000,5,285237176,285277720,192.168.88.253,43692,246,,congestion_avoidance,
1012,262914.955759,101100,5,285518088,285558632,192.168.88.253,43692,187,,congestion_avoidance,
1013,262914.965163,101200,5,285799000,285839544,192.168.88.253,43692,201,,congestion_avoidance,
1014,262914.974605,101300,5,286081360,286123352,192.168.88.253,43692,189,,congestion_avoidance,
1015,262914.984007,101400,5,286362272,286402816,192.168.88.253,43692,191,,congestion_avoidance,
1016,262914.993401,101500,5,286643184,286685176,192.168.88.253,43692,194,,congestion_avoidance,
1017,262915.002800,101600,5,286924096,286964640,192.168.88.253,43692,184,,congestion_avoidance,
1018,262915.012101,101700,5,287202112,287242656,192.168.88.253,43692,183,,congestion_avoidance,
1019,262915.021517,101800,5,287484472,287527912,192.168.88.253,43692,165,,congestion_avoidance,
1020,262915.030997,101900,5,287766832,287807376,192.168.88.253,43692,192,,congestion_avoidance,
1021,262915.040451,102000,5,288047744,288091184,192.168.88.253,43692,296,,congestion_avoidance,
1022,262915.049848,102100,5,288330104,288370648,192.168.88.253,43692,194,,congestion_avoidance,
1023,262915.059244,102200,5,288611016,288651560,192.168.88.253,43692,193,,congestion_avoidance,
1024,262915.068690,102300,5,288893376,288933920,192.168.88.253,43692,191,,congestion_avoidance,
1025,262915.078091,102400,5,289174288,289214832,192.168.88.253,43692,194,,congestion_avoidance,
1026,262915.087485,102500,5,289455200,289495744,192.168.88.253,43692,191,,congestion_avoidance,
1027,262915.096933,102600,5,289737560,289779552,192.168.88.253,43692,188,,congestion_avoidance,
1028,262915.106383,102700,5,290019920,290060464,192.168.88.253,43692,194,,congestion_avoidance,
1029,262915.115773,102800,5,290299384,290342824,192.168.88.253,43692,274,,congestion_avoidance,
1030,262915.125232,102900,5,290583192,290623736,192.168.88.253,43692,191,,congestion_avoidance,
1031,262915.134785,103000,5,290868448,290908992,192.168.88.253,43692,189,,congestion_avoidance,
1032,262915.144232,103100,5,291150808,291191352,192.168.88.253,43692,186,,congestion_avoidance,
1033,262915.153682,103200,5,291433168,291473712,192.168.88.253,43692,193,,congestion_avoidance,
1034,262915.163076,103300,5,291714080,291754624,192.168.88.253,43692,191,,congestion_avoidance,
1035,262915.172576,103400,5,291997888,292038432,192.168.88.253,43692,193,,congestion_avoidance,
1036,262915.182067,103500,5,292281696,292322240,192.168.88.253,43692,190,,congestion_avoidance,
1037,262915.191373,103600,5,292559712,292600256,192.168.88.253,43692,193,,congestion_avoidance,
1038,262915.200814,103700,5,292842072,292884064,192.168.88.253,43692,188,,congestion_avoidance,
1039,262915.210219,103800,5,293122984,293163528,192.168.88.253,43692,191,,congestion_avoidance,
1040,262915.219770,103900,5,293406792,293448784,192.168.88.253,43692,181,,congestion_avoidance,
1041,262915.229263,104000,5,293692048,293732592,192.168.88.253,43692,197,,congestion_avoidance,
1042,262915.238661,104100,5,293972960,294013504,192.168.88.253,43692,192,,congestion_avoidance,
1043,262915.248104,104200,5,294255320,294295864,192.168.88.253,43692,191,,congestion_avoidance,
1044,262915.257553,104300,5,294537680,294578224,192.168.88.253,43692,189,,congestion_avoidance,
1045,262915.267046,104400,5,294821488,294862032,192.168.88.253,43692,191,,congestion_avoidance,
1046,262915.276450,104500,5,295102400,295142944,192.168.88.253,43692,248,,congestion_avoidance,
1047,262915.285846,104600,5,295383312,295423856,192.168.88.253,43692,193,,congestion_avoidance,
1048,262915.295298,104700,5,295665672,295706216,192.168.88.253,43692,196,,congestion_avoidance,
1049,262915.304745,104800,5,295948032,295990024,192.168.88.253,43692,195,,congestion_avoidance,
1050,262915.314188,104900,5,296230392,296270936,192.168.88.253,43692,168,,congestion_avoidance,
1051,262915.323640,105000,5,296512752,296553296,192.168.88.253,43692,192,,congestion_avoidance,
1052,262915.333116,105100,5,296796560,296840000,192.168.88.253,43692,193,,congestion_avoidance,
1053,262915.342675,105200,5,297081816,297122360,192.168.88.253,43692,180,,congestion_avoidance,
1054,262915.352173,105300,5,297365624,297406168,192.168.88.253,43692,186,,congestion_avoidance,
1055,262915.361619,105400,5,297647984,297688528,192.168.88.253,43692,234,,congestion_avoidance,
1056,262915.371021,105500,5,297928896,297969440,192.168.88.253,43692,193,,congestion_avoidance,
1057,262915.380409,105600,5,298208360,298251800,192.168.88.253,43692,282,,congestion_avoidance,
1058,262915.389815,105700,5,298490720,298531264,192.168.88.253,43692,194,,congestion_avoidance,
1059,262915.399169,105800,5,298770184,298810728,192.168.88.253,43692,192,,congestion_avoidance,
1060,262915.408519,105900,5,299049648,299090192,192.168.88.253,43692,237,,congestion_avoidance,
1061,262915.417919,106000,5,299330560,299371104,192.168.88.253,43692,191,,congestion_avoidance,
1062,262915.427307,106100,5,299610024,299653464,192.168.88.253,43692,280,,congestion_avoidance,
1063,262915.436667,106200,5,299890936,299931480,192.168.88.253,43692,191,,congestion_avoidance,
1064,262915.446208,106300,5,300176192,300216736,192.168.88.253,43692,194,,congestion_avoidance,
1065,262915.455607,106400,5,300457104,300497648,192.168.88.253,43692,179,,congestion_avoidance,
1066,262915.465093,106500,5,300739464,300780008,192.168.88.253,43692,231,,congestion_avoidance,
1067,262915.474401,106600,5,301018928,301059472,192.168.88.253,43692,200,,congestion_avoidance,
1068,262915.493699,106700,5,301315768,301356312,192.168.88.253,43692,117,,congestion_avoidance,
1069,262915.503191,106800,5,301605368,301647360,192.168.88.253,43692,201,,congestion_avoidance,
1070,262915.512774,106900,5,301892072,301932616,192.168.88.253,43692,176,,congestion_avoidance,
1071,262915.531572,107100,5,302453896,302494440,192.168.88.253,43692,196,,congestion_avoidance,
1072,262915.540972,107200,5,302734808,302775352,192.168.88.253,43692,194,,congestion_avoidance,
1073,262915.550325,107300,5,303014272,303054816,192.168.88.253,43692,243,,congestion_avoidance,
1074,262915.559873,107400,5,303299528,303340072,192.168.88.253,43692,196,,congestion_avoidance,
1075,262915.569364,107500,5,303583336,303623880,192.168.88.253,43692,193,,congestion_avoidance,
1076,262915.578711,107600,5,303862800,303906240,192.168.88.253,43692,180,,congestion_avoidance,
1077,262915.588210,107700,5,304146608,304187152,192.168.88.253,43692,197,,congestion_avoidance,
1078,262915.597702,107800,5,304430416,304470960,192.168.88.253,43692,190,,congestion_avoidance,
1079,262915.607300,107900,5,304717120,304757664,192.168.88.253,43692,246,,congestion_avoidance,
1080,262915.616819,108000,5,305000928,305041472,192.168.88.253,43692,210,,congestion_avoidance,
1081,262915.626292,108100,5,305284736,305325280,192.168.88.253,43692,185,,congestion_avoidance,
1082,262915.635742,108200,5,305567096,305607640,192.168.88.253,43692,220,,congestion_avoidance,
1083,262915.645234,108300,5,305850904,305891448,192.168.88.253,43692,189,,congestion_avoidance,
1084,262915.654748,108400,5,306134712,306175256,192.168.88.253,43692,194,,congestion_avoidance,
1085,262915.664131,108500,5,306415624,306459064,192.168.88.253,43692,199,,congestion_avoidance,
1086,262915.673590,108600,5,306697984,306738528,192.168.88.253,43692,190,,congestion_avoidance,
1087,262915.682984,108700,5,306978896,307019440,192.168.88.253,43692,190,,congestion_avoidance,
1088,262915.692443,108800,5,307261256,307301800,192.168.88.253,43692,204,,congestion_avoidance,
1089,262915.701875,108900,5,307543616,307584160,192.168.88.253,43692,190,,congestion_avoidance,
1090,262915.711230,109000,5,307823080,307863624,192.168.88.253,43692,194,,congestion_avoidance,
1091,262915.720676,109100,5,308105440,308145984,192.168.88.253,43692,183,,congestion_avoidance,
1092,262915.730174,109200,5,308389248,308429792,192.168.88.253,43692,193,,congestion_avoidance,
1093,262915.739667,109300,5,308673056,308715048,192.168.88.253,43692,189,,congestion_avoidance,
1094,262915.749018,109400,5,308952520,308993064,192.168.88.253,43692,190,,congestion_avoidance,
1095,262915.758370,109500,5,309231984,309272528,192.168.88.253,43692,206,,congestion_avoidance,
1096,262915.767864,109600,5,309515792,309559232,192.168.88.253,43692,208,,congestion_avoidance,
1097,262915.777364,109700,5,309799600,309840144,192.168.88.253,43692,193,,congestion_avoidance,
1098,262915.786861,109800,5,310083408,310123952,192.168.88.253,43692,197,,congestion_avoidance,
1099,262915.796244,109900,5,310364320,310407760,192.168.88.253,43692,194,,congestion_avoidance,
1100,262915.805801,110000,5,310649576,310690120,192.168.88.253,43692,189,,congestion_avoidance,
1101,262915.815299,110100,5,310933384,310973928,192.168.88.253,43692,193,,congestion_avoidance,
1102,262915.824746,110200,5,311215744,311256288,192.168.88.253,43692,240,,congestion_avoidance,
1103,262915.834290,110300,5,311501000,311541544,192.168.88.253,43692,191,,congestion_avoidance,
1104,262915.844925,110400,5,311786256,311823904,192.168.88.253,43692,1274,,congestion_avoidance,
1105,262915.854165,110500,5,312070064,312110608,192.168.88.253,43692,192,,congestion_avoidance,
1106,262915.863667,110600,5,312353872,312394416,192.168.88.253,43692,195,,congestion_avoidance,
1107,262915.873072,110700,5,312634784,312675328,192.168.88.253,43692,192,,congestion_avoidance,
1108,262915.882458,110800,5,312915696,312957688,192.168.88.253,43692,192,,congestion_avoidance,
1109,262915.891814,110900,5,313195160,313235704,192.168.88.253,43692,199,,congestion_avoidance,
1110,262915.901204,111000,5,313476072,313516616,192.168.88.253,43692,189,,congestion_avoidance,
1111,262915.910659,111100,5,313758432,313798976,192.168.88.253,43692,193,,congestion_avoidance,
1112,262915.920104,111200,5,314040792,314081336,192.168.88.253,43692,139,,congestion_avoidance,
1113,262915.929551,111300,5,314323152,314363696,192.168.88.253,43692,188,,congestion_avoidance,
1114,262915.938945,111400,5,314604064,314644608,192.168.88.253,43692,190,,congestion_avoidance,
1115,262915.948326,111500,5,314883528,314924072,192.168.88.253,43692,236,,congestion_avoidance,
1116,262915.957745,111600,5,315165888,315207880,192.168.88.253,43692,193,,congestion_avoidance,
1117,262915.967093,111700,5,315445352,315485896,192.168.88.253,43692,185,,congestion_avoidance,
1118,262915.976516,111800,5,315726264,315768256,192.168.88.253,43692,194,,congestion_avoidance,
1119,262915.985900,111900,5,316007176,316047720,192.168.88.253,43692,198,,congestion_avoidance,
1120,262915.995243,112000,5,316286640,316327184,192.168.88.253,43692,187,,congestion_avoidance,
1121,262916.004688,112100,5,316569000,316610992,192.168.88.253,43692,190,,congestion_avoidance,
1122,262916.014135,112200,5,316851360,316891904,192.168.88.253,43692,194,,congestion_avoidance,
1123,262916.023825,112300,5,317140960,317181504,192.168.88.253,43692,191,,congestion_avoidance,
1124,262916.033273,112400,5,317423320,317463864,192.168.88.253,43692,193,,congestion_avoidance,
1125,262916.042771,112500,5,317707128,317747672,192.168.88.253,43692,196,,congestion_avoidance,
1126,262916.052118,112600,5,317986592,318027136,192.168.88.253,43692,190,,congestion_avoidance,
1127,262916.061565,112700,5,318268952,318309496,192.168.88.253,43692,240,,congestion_avoidance,
1128,262916.071025,112800,5,318551312,318591856,192.168.88.253,43692,199,,congestion_avoidance,
1129,262916.080436,112900,5,318832224,318872768,192.168.88.253,43692,269,,congestion_avoidance,
1130,262916.089910,113000,5,319116032,319156576,192.168.88.253,43692,190,,congestion_avoidance,
1131,262916.099264,113100,5,319395496,319436040,192.168.88.253,43692,191,,congestion_avoidance,
1132,262916.108854,113200,5,319682200,319724192,192.168.88.253,43692,190,,congestion_avoidance,
1133,262916.118257,113300,5,319963112,320003656,192.168.88.253,43692,193,,congestion_avoidance,
1134,262916.127706,113400,5,320245472,320286016,192.168.88.253,43692,193,,congestion_avoidance,
1135,262916.137143,113500,5,320527832,320571272,192.168.88.253,43692,197,,congestion_avoidance,
1136,262916.146648,113600,5,320811640,320852184,192.168.88.253,43692,187,,congestion_avoidance,
1137,262916.156145,113700,5,321095448,321135992,192.168.88.253,43692,192,,congestion_avoidance,
1138,262916.166874,113800,5,321383600,321424144,192.168.88.253,43692,144,,congestion_avoidance,
1139,262916.176322,113900,5,321674648,321715192,192.168.88.253,43692,206,,congestion_avoidance,
1140,262916.185801,114000,5,321958456,321999000,192.168.88.253,43692,196,,congestion_avoidance,
1141,262916.195353,114100,5,322243712,322284256,192.168.88.253,43692,198,,congestion_avoidance,
1142,262916.204793,114200,5,322526072,322566616,192.168.88.253,43692,191,,congestion_avoidance,
1143,262916.214242,114300,5,322808432,322848976,192.168.88.253,43692,195,,congestion_avoidance,
1144,262916.223639,114400,5,323089344,323129888,192.168.88.253,43692,188,,congestion_avoidance,
1145,262916.233137,114500,5,323373152,323413696,192.168.88.253,43692,191,,congestion_avoidance,
1146,262916.242579,114600,5,323655512,323696056,192.168.88.253,43692,188,,congestion_avoidance,
1147,262916.252025,114700,5,323937872,323979864,192.168.88.253,43692,189,,congestion_avoidance,
1148,262916.261618,114800,5,324224576,324265120,192.168.88.253,43692,197,,congestion_avoidance,
1149,262916.271978,114900,5,324515624,324556168,192.168.88.253,43692,192,,congestion_avoidance,
1150,262916.281381,115000,5,324796536,324837080,192.168.88.253,43692,192,,congestion_avoidance,
1151,262916.290873,115100,5,325080344,325122336,192.168.88.253,43692,192,,congestion_avoidance,
1152,262916.300175,115200,5,325358360,325398904,192.168.88.253,43692,190,,congestion_avoidance,
1153,262916.309626,115300,5,325640720,325681264,192.168.88.253,43692,189,,congestion_avoidance,
1154,262916.319075,115400,5,325923080,325963624,192.168.88.253,43692,160,,congestion_avoidance,
1155,262916.328377,115500,5,326201096,326241640,192.168.88.253,43692,191,,congestion_avoidance,
1156,262916.337821,115600,5,326483456,326526896,192.168.88.253,43692,204,,congestion_avoidance,
1157,262916.347268,115700,5,326765816,326806360,192.168.88.253,43692,191,,congestion_avoidance,
1158,262916.356752,115800,5,327048176,327091616,192.168.88.253,43692,159,,congestion_avoidance,
1159,262916.366165,115900,5,327330536,327371080,192.168.88.253,43692,196,,congestion_avoidance,
1160,262916.375584,116000,5,327611448,327651992,192.168.88.253,43692,213,,congestion_avoidance,
1161,262916.385010,116100,5,327893808,327934352,192.168.88.253,43692,194,,congestion_avoidance,
1162,262916.394508,116200,5,328177616,328218160,192.168.88.253,43692,191,,congestion_avoidance,
1163,262916.403953,116300,5,328459976,328500520,192.168.88.253,43692,193,,congestion_avoidance,
1164,262916.413496,116400,5,328745232,328787224,192.168.88.253,43692,185,,congestion_avoidance,
1165,262916.423043,116500,5,329030488,329071032,192.168.88.253,43692,190,,congestion_avoidance,
1166,262916.432347,116600,5,329308504,329349048,192.168.88.253,43692,197,,congestion_avoidance,
1167,262916.441788,116700,5,329590864,329631408,192.168.88.253,43692,208,,congestion_avoidance,
1168,262916.451334,116800,5,329876120,329916664,192.168.88.253,43692,190,,congestion_avoidance,
1169,262916.460735,116900,5,330157032,330197576,192.168.88.253,43692,172,,congestion_avoidance,
1170,262916.470126,117000,5,330437944,330481384,192.168.88.253,43692,199,,congestion_avoidance,
1171,262916.479725,117100,5,330724648,330765192,192.168.88.253,43692,194,,congestion_avoidance,
1172,262916.489172,117200,5,331007008,331047552,192.168.88.253,43692,174,,congestion_avoidance,
1173,262916.498664,117300,5,331290816,331332808,192.168.88.253,43692,183,,congestion_avoidance,
1174,262916.508065,117400,5,331571728,331612272,192.168.88.253,43692,181,,congestion_avoidance,
1175,262916.517518,117500,5,331854088,331894632,192.168.88.253,43692,195,,congestion_avoidance,
1176,262916.527055,117600,5,332139344,332181336,192.168.88.253,43692,188,,congestion_avoidance,
1177,262916.545955,117800,5,332704064,332744608,192.168.88.253,43692,189,,congestion_avoidance,
1178,262916.555402,117900,5,332986424,333028416,192.168.88.253,43692,193,,congestion_avoidance,
1179,262916.564753,118000,5,333265888,333306432,192.168.88.253,43692,191,,congestion_avoidance,
1180,262916.574247,118100,5,333549696,333590240,192.168.88.253,43692,185,,congestion_avoidance,
1181,262916.583694,118200,5,333832056,333872600,192.168.88.253,43692,190,,congestion_avoidance,
1182,262916.592997,118300,5,334110072,334150616,192.168.88.253,43692,206,,congestion_avoidance,
1183,262916.602490,118400,5,334393880,334435872,192.168.88.253,43692,187,,congestion_avoidance,
1184,262916.611897,118500,5,334674792,334715336,192.168.88.253,43692,200,,congestion_avoidance,
1185,262916.621390,118600,5,334958600,334999144,192.168.88.253,43692,189,,congestion_avoidance,
1186,262916.630888,118700,5,335242408,335284400,192.168.88.253,43692,191,,congestion_avoidance,
1187,262916.640298,118800,5,335523320,335563864,192.168.88.253,43692,202,,congestion_avoidance,
1188,262916.649879,118900,5,335810024,335850568,192.168.88.253,43692,189,,congestion_avoidance,
1189,262916.659285,119000,5,336090936,336132928,192.168.88.253,43692,200,,congestion_avoidance,
1190,262916.668725,119100,5,336373296,336413840,192.168.88.253,43692,193,,congestion_avoidance,
1191,262916.678173,119200,5,336655656,336696200,192.168.88.253,43692,193,,congestion_avoidance,
1192,262916.687687,119300,5,336939464,336981456,192.168.88.253,43692,200,,congestion_avoidance,
1193,262916.697028,119400,5,337218928,337259472,192.168.88.253,43692,191,,congestion_avoidance,
1194,262916.706524,119500,5,337502736,337544728,192.168.88.253,43692,193,,congestion_avoidance,
1195,262916.715926,119600,5,337783648,337824192,192.168.88.253,43692,196,,congestion_avoidance,
1196,262916.725323,119700,5,338064560,338105104,192.168.88.253,43692,191,,congestion_avoidance,
1197,262916.734728,119800,5,338345472,338386016,192.168.88.253,43692,248,,congestion_avoidance,
1198,262916.744118,119900,5,338626384,338666928,192.168.88.253,43692,192,,congestion_avoidance,
1199,262916.753472,120000,5,338905848,338946392,192.168.88.253,43692,194,,congestion_avoidance,
1200,262916.762967,120100,5,339189656,339230200,192.168.88.253,43692,191,,congestion_avoidance,
1201,262916.772508,120200,5,339474912,339515456,192.168.88.253,43692,181,,congestion_avoidance,
1202,262916.782150,120300,5,339763064,339803608,192.168.88.253,43692,192,,congestion_avoidance,
1203,262916.791654,120400,5,340046872,340087416,192.168.88.253,43692,248,,congestion_avoidance,
1204,262916.801097,120500,5,340329232,340369776,192.168.88.253,43692,193,,congestion_avoidance,
1205,262916.810453,120600,5,340608696,340649240,192.168.88.253,43692,220,,congestion_avoidance,
1206,262916.819898,120700,5,340891056,340931600,192.168.88.253,43692,199,,congestion_avoidance,
1207,262916.829242,120800,5,341170520,341211064,192.168.88.253,43692,193,,congestion_avoidance,
1208,262916.838594,120900,5,341449984,341490528,192.168.88.253,43692,240,,congestion_avoidance,
1209,262916.847993,121000,5,341730896,341771440,192.168.88.253,43692,194,,congestion_avoidance,
1210,262916.857354,121100,5,342010360,342050904,192.168.88.253,43692,256,,congestion_avoidance,
1211,262916.866838,121200,5,342294168,342334712,192.168.88.253,43692,190,,congestion_avoidance,
1212,262916.876144,121300,5,342572184,342612728,192.168.88.253,43692,196,,congestion_avoidance,
1213,262916.885542,121400,5,342853096,342893640,192.168.88.253,43692,246,,congestion_avoidance,
1214,262916.894940,121500,5,343134008,343174552,192.168.88.253,43692,192,,congestion_avoidance,
1215,262916.904389,121600,5,343416368,343456912,192.168.88.253,43692,192,,congestion_avoidance,
1216,262916.913826,121700,5,343698728,343742168,192.168.88.253,43692,193,,congestion_avoidance,
1217,262916.923237,121800,5,343979640,344020184,192.168.88.253,43692,192,,congestion_avoidance,
1218,262916.932688,121900,5,344262000,344302544,192.168.88.253,43692,194,,congestion_avoidance,
1219,262916.942130,122000,5,344544360,344584904,192.168.88.253,43692,192,,congestion_avoidance,
1220,262916.951581,122100,5,344826720,344867264,192.168.88.253,43692,194,,congestion_avoidance,
1221,262916.961076,122200,5,345110528,345151072,192.168.88.253,43692,242,,congestion_avoidance,
1222,262916.970474,122300,5,345391440,345431984,192.168.88.253,43692,197,,congestion_avoidance,
1223,262916.979873,122400,5,345672352,345712896,192.168.88.253,43692,195,,congestion_avoidance,
1224,262916.989369,122500,5,345956160,345998152,192.168.88.253,43692,194,,congestion_avoidance,
1225,262916.998814,122600,5,346238520,346279064,192.168.88.253,43692,191,,congestion_avoidance,
1226,262917.008252,122700,5,346519432,346561424,192.168.88.253,43692,232,,congestion_avoidance,
1227,262917.017660,122800,5,346801792,346842336,192.168.88.253,43692,191,,congestion_avoidance,
1228,262917.027010,122900,5,347081256,347121800,192.168.88.253,43692,188,,congestion_avoidance,
1229,262917.036426,123000,5,347362168,347402712,192.168.88.253,43692,260,,congestion_avoidance,
1230,262917.045856,123100,5,347644528,347685072,192.168.88.253,43692,191,,congestion_avoidance,
1231,262917.055257,123200,5,347925440,347965984,192.168.88.253,43692,195,,congestion_avoidance,
1232,262917.064703,123300,5,348207800,348249792,192.168.88.253,43692,195,,congestion_avoidance,
1233,262917.074053,123400,5,348487264,348527808,192.168.88.253,43692,192,,congestion_avoidance,
1234,262917.083600,123500,5,348772520,348814512,192.168.88.253,43692,189,,congestion_avoidance,
1235,262917.092997,123600,5,349053432,349093976,192.168.88.253,43692,193,,congestion_avoidance,
1236,262917.102492,123700,5,349337240,349377784,192.168.88.253,43692,195,,congestion_avoidance,
1237,262917.111892,123800,5,349618152,349658696,192.168.88.253,43692,188,,congestion_avoidance,
1238,262917.121343,123900,5,349900512,349941056,192.168.88.253,43692,193,,congestion_avoidance,
1239,262917.130693,124000,5,350179976,350220520,192.168.88.253,43692,189,,congestion_avoidance,
1240,262917.140189,124100,5,350463784,350504328,192.168.88.253,43692,241,,congestion_avoidance,
1241,262917.149734,124200,5,350749040,350789584,192.168.88.253,43692,191,,congestion_avoidance,
1242,262917.159228,124300,5,351032848,351073392,192.168.88.253,43692,192,,congestion_avoidance,
1243,262917.168581,124400,5,351312312,351352856,192.168.88.253,43692,238,,congestion_avoidance,
1244,262917.177977,124500,5,351593224,351633768,192.168.88.253,43692,195,,congestion_avoidance,
1245,262917.187331,124600,5,351872688,351913232,192.168.88.253,43692,192,,congestion_avoidance,
1246,262917.196879,124700,5,352157944,352199936,192.168.88.253,43692,190,,congestion_avoidance,
1247,262917.206234,124800,5,352437408,352477952,192.168.88.253,43692,193,,congestion_avoidance,
1248,262917.215676,124900,5,352719768,352761760,192.168.88.253,43692,189,,congestion_avoidance,
1249,262917.225075,125000,5,353000680,353041224,192.168.88.253,43692,193,,congestion_avoidance,
1250,262917.234429,125100,5,353280144,353320688,192.168.88.253,43692,193,,congestion_avoidance,
1251,262917.243923,125200,5,353563952,353604496,192.168.88.253,43692,244,,congestion_avoidance,
1252,262917.253467,125300,5,353849208,353889752,192.168.88.253,43692,193,,congestion_avoidance,
1253,262917.262914,125400,5,354131568,354172112,192.168.88.253,43692,192,,congestion_avoidance,
1254,262917.272440,125500,5,354415376,354455920,192.168.88.253,43692,183,,congestion_avoidance,
1255,262917.283219,125600,5,354713664,354755656,192.168.88.253,43692,192,,congestion_avoidance,
1256,262917.292812,125700,5,355000368,355040912,192.168.88.253,43692,158,,congestion_avoidance,
1257,262917.302356,125800,5,355285624,355326168,192.168.88.253,43692,196,,congestion_avoidance,
1258,262917.312364,125900,5,355570880,355614320,192.168.88.253,43692,229,,congestion_avoidance,
1259,262917.321841,126000,5,355854688,355895232,192.168.88.253,43692,191,,congestion_avoidance,
1260,262917.331291,126100,5,356137048,356177592,192.168.88.253,43692,194,,congestion_avoidance,
1261,262917.341391,126200,5,356422304,356462848,192.168.88.253,43692,244,,congestion_avoidance,
1262,262917.350786,126300,5,356703216,356743760,192.168.88.253,43692,196,,congestion_avoidance,
1263,262917.361325,126400,5,356991368,357031912,192.168.88.253,43692,198,,congestion_avoidance,
1264,262917.370829,126500,5,357275176,357315720,192.168.88.253,43692,244,,congestion_avoidance,
1265,262917.380631,126600,5,357567672,357608216,192.168.88.253,43692,186,,congestion_avoidance,
1266,262917.389981,126700,5,357847136,357887680,192.168.88.253,43692,191,,congestion_avoidance,
1267,262917.399575,126800,5,358133840,358174384,192.168.88.253,43692,187,,congestion_avoidance,
1268,262917.408922,126900,5,358413304,358453848,192.168.88.253,43692,187,,congestion_avoidance,
1269,262917.418329,127000,5,358694216,358734760,192.168.88.253,43692,208,,congestion_avoidance,
1270,262917.427880,127100,5,358979472,359021464,192.168.88.253,43692,203,,congestion_avoidance,
1271,262917.437413,127200,5,359264728,359305272,192.168.88.253,43692,192,,congestion_avoidance,
1272,262917.446858,127300,5,359547088,359587632,192.168.88.253,43692,192,,congestion_avoidance,
1273,262917.456408,127400,5,359832344,359874336,192.168.88.253,43692,187,,congestion_avoidance,
1274,262917.465805,127500,5,360113256,360153800,192.168.88.253,43692,192,,congestion_avoidance,
1275,262917.475284,127600,5,360395616,360437608,192.168.88.253,43692,227,,congestion_avoidance,
1276,262917.484649,127700,5,360676528,360717072,192.168.88.253,43692,166,,congestion_avoidance,
1277,262917.494146,127800,5,360960336,361000880,192.168.88.253,43692,192,,congestion_avoidance,
1278,262917.503674,127900,5,361244144,361286136,192.168.88.253,43692,224,,congestion_avoidance,
1279,262917.513087,128000,5,361526504,361567048,192.168.88.253,43692,191,,congestion_avoidance,
1280,262917.522803,128100,5,361810312,361850856,192.168.88.253,43692,188,,congestion_avoidance,
1281,262917.534988,128200,5,362102808,362143352,192.168.88.253,43692,208,,congestion_avoidance,
1282,262917.544462,128300,5,362386616,362427160,192.168.88.253,43692,200,,congestion_avoidance,
1283,262917.554328,128400,5,362677664,362718208,192.168.88.253,43692,172,,congestion_avoidance,
1284,262917.563951,128500,5,362960024,363000568,192.168.88.253,43692,189,,congestion_avoidance,
1285,262917.573542,128600,5,363246728,363287272,192.168.88.253,43692,243,,congestion_avoidance,
1286,262917.583104,128700,5,363531984,363572528,192.168.88.253,43692,209,,congestion_avoidance,
1287,262917.592391,128800,5,363810000,363850544,192.168.88.253,43692,208,,congestion_avoidance,
1288,262917.601902,128900,5,364093808,364135800,192.168.88.253,43692,211,,congestion_avoidance,
1289,262917.611284,129000,5,364374720,364415264,192.168.88.253,43692,192,,congestion_avoidance,
1290,262917.620687,129100,5,364655632,364696176,192.168.88.253,43692,190,,congestion_avoidance,
1291,262917.630232,129200,5,364940888,364982880,192.168.88.253,43692,190,,congestion_avoidance,
1292,262917.639633,129300,5,365221800,365262344,192.168.88.253,43692,195,,congestion_avoidance,
1293,262917.649084,129400,5,365504160,365544704,192.168.88.253,43692,192,,congestion_avoidance,
1294,262917.658631,129500,5,365789416,365829960,192.168.88.253,43692,192,,congestion_avoidance,
1295,262917.668080,129600,5,366071776,366112320,192.168.88.253,43692,196,,congestion_avoidance,
1296,262917.677779,129700,5,366359928,366401920,192.168.88.253,43692,134,,congestion_avoidance,
1297,262917.687120,129800,5,366640840,366681384,192.168.88.253,43692,196,,congestion_avoidance,
1298,262917.696567,129900,5,366923200,366963744,192.168.88.253,43692,195,,congestion_avoidance,
1299,262917.705963,130000,5,367204112,367244656,192.168.88.253,43692,187,,congestion_avoidance,
1300,262917.715556,130100,5,367490816,367531360,192.168.88.253,43692,186,,congestion_avoidance,
1301,262917.725099,130200,5,367776072,367816616,192.168.88.253,43692,193,,congestion_avoidance,
1302,262917.734547,130300,5,368058432,368098976,192.168.88.253,43692,188,,congestion_avoidance,
1303,262917.743996,130400,5,368340792,368381336,192.168.88.253,43692,190,,congestion_avoidance,
1304,262917.753295,130500,5,368618808,368659352,192.168.88.253,43692,197,,congestion_avoidance,
1305,262917.762747,130600,5,368901168,368943160,192.168.88.253,43692,194,,congestion_avoidance,
1306,262917.772094,130700,5,369180632,369221176,192.168.88.253,43692,189,,congestion_avoidance,
1307,262917.781677,130800,5,369465888,369507880,192.168.88.253,43692,213,,congestion_avoidance,
1308,262917.791040,130900,5,369746800,369787344,192.168.88.253,43692,194,,congestion_avoidance,
1309,262917.800344,131000,5,370024816,370065360,192.168.88.253,43692,194,,congestion_avoidance,
1310,262917.809719,131100,5,370305728,370349168,192.168.88.253,43692,185,,congestion_avoidance,
1311,262917.819283,131200,5,370590984,370631528,192.168.88.253,43692,193,,congestion_avoidance,
1312,262917.828737,131300,5,370873344,370913888,192.168.88.253,43692,189,,congestion_avoidance,
1313,262917.838098,131400,5,371154256,371197696,192.168.88.253,43692,169,,congestion_avoidance,
1314,262917.847576,131500,5,371436616,371477160,192.168.88.253,43692,190,,congestion_avoidance,
1315,262917.856976,131600,5,371717528,371758072,192.168.88.253,43692,195,,congestion_avoidance,
1316,262917.866527,131700,5,372002784,372044776,192.168.88.253,43692,201,,congestion_avoidance,
1317,262917.875878,131800,5,372282248,372322792,192.168.88.253,43692,194,,congestion_avoidance,
1318,262917.885368,131900,5,372566056,372606600,192.168.88.253,43692,194,,congestion_avoidance,
1319,262917.894910,132000,5,372851312,372893304,192.168.88.253,43692,192,,congestion_avoidance,
1320,262917.904419,132100,5,373135120,373175664,192.168.88.253,43692,188,,congestion_avoidance,
1321,262917.913860,132200,5,373417480,373458024,192.168.88.253,43692,215,,congestion_avoidance,
1322,262917.923346,132300,5,373701288,373743280,192.168.88.253,43692,189,,congestion_avoidance,
1323,262917.932795,132400,5,373983648,374024192,192.168.88.253,43692,190,,congestion_avoidance,
1324,262917.942339,132500,5,374268904,374309448,192.168.88.253,43692,207,,congestion_avoidance,
1325,262917.951830,132600,5,374552712,374594704,192.168.88.253,43692,187,,congestion_avoidance,
1326,262917.961184,132700,5,374832176,374872720,192.168.88.253,43692,192,,congestion_avoidance,
1327,262917.970538,132800,5,375111640,375153632,192.168.88.253,43692,190,,congestion_avoidance,
1328,262917.979984,132900,5,375394000,375434544,192.168.88.253,43692,182,,congestion_avoidance,
1329,262917.989486,133000,5,375677808,375718352,192.168.88.253,43692,192,,congestion_avoidance,
1330,262917.998878,133100,5,375958720,375999264,192.168.88.253,43692,186,,congestion_avoidance,
1331,262918.008330,133200,5,376241080,376281624,192.168.88.253,43692,190,,congestion_avoidance,
1332,262918.017820,133300,5,376524888,376565432,192.168.88.253,43692,192,,congestion_avoidance,
1333,262918.027221,133400,5,376805800,376846344,192.168.88.253,43692,241,,congestion_avoidance,
1334,262918.036716,133500,5,377089608,377130152,192.168.88.253,43692,185,,congestion_avoidance,
1335,262918.046162,133600,5,377371968,377412512,192.168.88.253,43692,193,,congestion_avoidance,
1336,262918.055613,133700,5,377654328,377694872,192.168.88.253,43692,242,,congestion_avoidance,
1337,262918.064961,133800,5,377933792,377974336,192.168.88.253,43692,194,,congestion_avoidance,
1338,262918.074409,133900,5,378216152,378256696,192.168.88.253,43692,204,,congestion_avoidance,
1339,262918.083905,134000,5,378499960,378541952,192.168.88.253,43692,192,,congestion_avoidance,
1340,262918.093354,134100,5,378782320,378822864,192.168.88.253,43692,195,,congestion_avoidance,
1341,262918.102744,134200,5,379061784,379103776,192.168.88.253,43692,227,,congestion_avoidance,
1342,262918.112149,134300,5,379344144,379384688,192.168.88.253,43692,191,,congestion_avoidance,
1343,262918.121509,134400,5,379623608,379664152,192.168.88.253,43692,191,,congestion_avoidance,
1344,262918.131002,134500,5,379907416,379947960,192.168.88.253,43692,193,,congestion_avoidance,
1345,262918.140539,134600,5,380191224,380231768,192.168.88.253,43692,181,,congestion_avoidance,
1346,262918.149952,134700,5,380473584,380514128,192.168.88.253,43692,185,,congestion_avoidance,
1347,262918.159401,134800,5,380755944,380796488,192.168.88.253,43692,196,,congestion_avoidance,
1348,262918.168796,134900,5,381036856,381077400,192.168.88.253,43692,186,,congestion_avoidance,
1349,262918.178192,135000,5,381317768,381361208,192.168.88.253,43692,195,,congestion_avoidance,
1350,262918.187599,135100,5,381598680,381639224,192.168.88.253,43692,194,,congestion_avoidance,
1351,262918.196998,135200,5,381879592,381920136,192.168.88.253,43692,191,,congestion_avoidance,
1352,262918.206394,135300,5,382160504,382201048,192.168.88.253,43692,190,,congestion_avoidance,
1353,262918.215839,135400,5,382442864,382483408,192.168.88.253,43692,191,,congestion_avoidance,
1354,262918.225437,135500,5,382729568,382770112,192.168.88.253,43692,185,,congestion_avoidance,
1355,262918.234927,135600,5,383013376,383053920,192.168.88.253,43692,191,,congestion_avoidance,
1356,262918.244334,135700,5,383294288,383334832,192.168.88.253,43692,192,,congestion_avoidance,
1357,262918.253773,135800,5,383576648,383617192,192.168.88.253,43692,191,,congestion_avoidance,
1358,262918.263278,135900,5,383860456,383901000,192.168.88.253,43692,199,,congestion_avoidance,
1359,262918.272628,136000,5,384139920,384180464,192.168.88.253,43692,196,,congestion_avoidance,
1360,262918.282021,136100,5,384420832,384462824,192.168.88.253,43692,193,,congestion_avoidance,
1361,262918.291422,136200,5,384701744,384742288,192.168.88.253,43692,195,,congestion_avoidance,
1362,262918.300773,136300,5,384981208,385023200,192.168.88.253,43692,196,,congestion_avoidance,
1363,262918.310123,136400,5,385260672,385301216,192.168.88.253,43692,191,,congestion_avoidance,
1364,262918.319520,136500,5,385541584,385582128,192.168.88.253,43692,191,,congestion_avoidance,
1365,262918.328962,136600,5,385823944,385865936,192.168.88.253,43692,190,,congestion_avoidance,
1366,262918.338463,136700,5,386107752,386148296,192.168.88.253,43692,190,,congestion_avoidance,
1367,262918.347964,136800,5,386391560,386432104,192.168.88.253,43692,198,,congestion_avoidance,
1368,262918.357465,136900,5,386675368,386715912,192.168.88.253,43692,251,,congestion_avoidance,
1369,262918.366949,137000,5,386959176,386999720,192.168.88.253,43692,192,,congestion_avoidance,
1370,262918.376400,137100,5,387241536,387282080,192.168.88.253,43692,195,,congestion_avoidance,
1371,262918.385845,137200,5,387523896,387564440,192.168.88.253,43692,240,,congestion_avoidance,
1372,262918.395388,137300,5,387809152,387849696,192.168.88.253,43692,192,,congestion_avoidance,
1373,262918.404836,137400,5,388091512,388132056,192.168.88.253,43692,191,,congestion_avoidance,
1374,262918.414331,137500,5,388375320,388415864,192.168.88.253,43692,239,,congestion_avoidance,
1375,262918.423826,137600,5,388659128,388699672,192.168.88.253,43692,193,,congestion_avoidance,
1376,262918.433176,137700,5,388938592,388979136,192.168.88.253,43692,187,,congestion_avoidance,
1377,262918.442625,137800,5,389220952,389262944,192.168.88.253,43692,188,,congestion_avoidance,
1378,262918.451974,137900,5,389500416,389540960,192.168.88.253,43692,192,,congestion_avoidance,
1379,262918.461369,138000,5,389781328,389823320,192.168.88.253,43692,187,,congestion_avoidance,
1380,262918.470776,138100,5,390062240,390102784,192.168.88.253,43692,191,,congestion_avoidance,
1381,262918.480272,138200,5,390346048,390386592,192.168.88.253,43692,190,,congestion_avoidance,
1382,262918.489775,138300,5,390629856,390670400,192.168.88.253,43692,188,,congestion_avoidance,
1383,262918.499313,138400,5,390915112,390955656,192.168.88.253,43692,191,,congestion_avoidance,
1384,262918.508808,138500,5,391198920,391239464,192.168.88.253,43692,192,,congestion_avoidance,
1385,262918.518257,138600,5,391481280,391521824,192.168.88.253,43692,194,,congestion_avoidance,
1386,262918.527797,138700,5,391766536,391808528,192.168.88.253,43692,189,,congestion_avoidance,
1387,262918.537246,138800,5,392048896,392089440,192.168.88.253,43692,190,,congestion_avoidance,
1388,262918.546703,138900,5,392331256,392371800,192.168.88.253,43692,197,,congestion_avoidance,
1389,262918.556092,139000,5,392612168,392652712,192.168.88.253,43692,192,,congestion_avoidance,
1390,262918.565714,139100,5,392897424,392937968,192.168.88.253,43692,190,,congestion_avoidance,
1391,262918.575162,139200,5,393179784,393220328,192.168.88.253,43692,192,,congestion_avoidance,
1392,262918.584560,139300,5,393460696,393501240,192.168.88.253,43692,188,,congestion_avoidance,
1393,262918.593964,139400,5,393741608,393782152,192.168.88.253,43692,194,,congestion_avoidance,
1394,262918.603353,139500,5,394022520,394064512,192.168.88.253,43692,187,,congestion_avoidance,
1395,262918.612758,139600,5,394303432,394343976,192.168.88.253,43692,193,,congestion_avoidance,
1396,262918.627289,139700,5,394584344,394624888,192.168.88.253,43692,199,,congestion_avoidance,
1397,262918.636786,139800,5,394868152,394910144,192.168.88.253,43692,165,,congestion_avoidance,
1398,262918.646333,139900,5,395153408,395193952,192.168.88.253,43692,169,,congestion_avoidance,
1399,262918.655784,140000,5,395435768,395476312,192.168.88.253,43692,196,,congestion_avoidance,
1400,262918.665271,140100,5,395719576,395763016,192.168.88.253,43692,199,,congestion_avoidance,
1401,262918.674680,140200,5,396000488,396041032,192.168.88.253,43692,199,,congestion_avoidance,
1402,262918.684222,140300,5,396285744,396326288,192.168.88.253,43692,176,,congestion_avoidance,
1403,262918.693785,140400,5,396571000,396614440,192.168.88.253,43692,230,,congestion_avoidance,
1404,262918.703262,140500,5,396854808,396895352,192.168.88.253,43692,192,,congestion_avoidance,
1405,262918.712777,140600,5,397138616,397179160,192.168.88.253,43692,214,,congestion_avoidance,
1406,262918.722241,140700,5,397420976,397464416,192.168.88.253,43692,256,,congestion_avoidance,
1407,262918.731576,140800,5,397700440,397740984,192.168.88.253,43692,211,,congestion_avoidance,
1408,262918.741241,140900,5,397990040,398030584,192.168.88.253,43692,206,,congestion_avoidance,
1409,262918.750713,141000,5,398272400,398314392,192.168.88.253,43692,177,,congestion_avoidance,
1410,262918.759992,141100,5,398550416,398590960,192.168.88.253,43692,193,,congestion_avoidance,
1411,262918.769441,141200,5,398832776,398873320,192.168.88.253,43692,190,,congestion_avoidance,
1412,262918.778888,141300,5,399115136,399155680,192.168.88.253,43692,191,,congestion_avoidance,
1413,262918.788238,141400,5,399394600,399435144,192.168.88.253,43692,190,,congestion_avoidance,
1414,262918.797631,141500,5,399675512,399718952,192.168.88.253,43692,195,,congestion_avoidance,
1415,262918.807136,141600,5,399959320,399999864,192.168.88.253,43692,192,,congestion_avoidance,
1416,262918.816632,141700,5,400243128,400283672,192.168.88.253,43692,188,,congestion_avoidance,
1417,262918.826130,141800,5,400526936,400567480,192.168.88.253,43692,243,,congestion_avoidance,
1418,262918.835526,141900,5,400807848,400848392,192.168.88.253,43692,189,,congestion_avoidance,
1419,262918.844945,142000,5,401088760,401129304,192.168.88.253,43692,257,,congestion_avoidance,
1420,262918.854470,142100,5,401374016,401416008,192.168.88.253,43692,190,,congestion_avoidance,
1421,262918.863917,142200,5,401656376,401696920,192.168.88.253,43692,193,,congestion_avoidance,
1422,262918.873367,142300,5,401938736,401979280,192.168.88.253,43692,193,,congestion_avoidance,
1423,262918.882813,142400,5,402221096,402263088,192.168.88.253,43692,193,,congestion_avoidance,
1424,262918.892162,142500,5,402500560,402541104,192.168.88.253,43692,192,,congestion_avoidance,
1425,262918.901854,142600,5,402787264,402829256,192.168.88.253,43692,143,,congestion_avoidance,
1426,262918.911349,142700,5,403073968,403115960,192.168.88.253,43692,195,,congestion_avoidance,
1427,262918.920694,142800,5,403353432,403393976,192.168.88.253,43692,185,,congestion_avoidance,
1428,262918.930146,142900,5,403635792,403676336,192.168.88.253,43692,190,,congestion_avoidance,
1429,262918.939640,143000,5,403919600,403960144,192.168.88.253,43692,190,,congestion_avoidance,
1430,262918.949088,143100,5,404201960,404242504,192.168.88.253,43692,186,,congestion_avoidance,
1431,262918.958440,143200,5,404481424,404521968,192.168.88.253,43692,246,,congestion_avoidance,
1432,262918.967940,143300,5,404765232,404805776,192.168.88.253,43692,180,,congestion_avoidance,
1433,262918.977387,143400,5,405047592,405088136,192.168.88.253,43692,195,,congestion_avoidance,
1434,262918.986829,143500,5,405329952,405370496,192.168.88.253,43692,240,,congestion_avoidance,
1435,262918.996326,143600,5,405613760,405654304,192.168.88.253,43692,194,,congestion_avoidance,
1436,262919.005674,143700,5,405893224,405933768,192.168.88.253,43692,190,,congestion_avoidance,
1437,262919.015105,143800,5,406175584,406219024,192.168.88.253,43692,189,,congestion_avoidance,
1438,262919.024665,143900,5,406460840,406501384,192.168.88.253,43692,191,,congestion_avoidance,
1439,262919.034064,144000,5,406741752,406782296,192.168.88.253,43692,180,,congestion_avoidance,
1440,262919.043464,144100,5,407022664,407064656,192.168.88.253,43692,190,,congestion_avoidance,
1441,262919.052816,144200,5,407302128,407342672,192.168.88.253,43692,190,,congestion_avoidance,
1442,262919.062264,144300,5,407584488,407626480,192.168.88.253,43692,190,,congestion_avoidance,
1443,262919.071713,144400,5,407866848,407907392,192.168.88.253,43692,192,,congestion_avoidance,
1444,262919.081110,144500,5,408147760,408188304,192.168.88.253,43692,194,,congestion_avoidance,
1445,262919.090512,144600,5,408428672,408469216,192.168.88.253,43692,245,,congestion_avoidance,
1446,262919.099907,144700,5,408709584,408750128,192.168.88.253,43692,192,,congestion_avoidance,
1447,262919.109305,144800,5,408990496,409031040,192.168.88.253,43692,189,,congestion_avoidance,
1448,262919.118847,144900,5,409275752,409317744,192.168.88.253,43692,184,,congestion_avoidance,
1449,262919.128208,145000,5,409555216,409595760,192.168.88.253,43692,198,,congestion_avoidance,
1450,262919.137614,145100,5,409836128,409878120,192.168.88.253,43692,197,,congestion_avoidance,
1451,262919.147011,145200,5,410117040,410157584,192.168.88.253,43692,188,,congestion_avoidance,
1452,262919.156314,145300,5,410395056,410435600,192.168.88.253,43692,193,,congestion_avoidance,
1453,262919.165797,145400,5,410678864,410722304,192.168.88.253,43692,197,,congestion_avoidance,
1454,262919.175260,145500,5,410961224,411001768,192.168.88.253,43692,194,,congestion_avoidance,
1455,262919.184646,145600,5,411240688,411284128,192.168.88.253,43692,275,,congestion_avoidance,
1456,262919.194100,145700,5,411524496,411565040,192.168.88.253,43692,191,,congestion_avoidance,
1457,262919.203455,145800,5,411803960,411844504,192.168.88.253,43692,189,,congestion_avoidance,
1458,262919.212850,145900,5,412084872,412125416,192.168.88.253,43692,190,,congestion_avoidance,
1459,262919.222251,146000,5,412365784,412406328,192.168.88.253,43692,193,,congestion_avoidance,
1460,262919.231648,146100,5,412646696,412687240,192.168.88.253,43692,193,,congestion_avoidance,
1461,262919.241098,146200,5,412929056,412971048,192.168.88.253,43692,191,,congestion_avoidance,
1462,262919.250498,146300,5,413209968,413250512,192.168.88.253,43692,189,,congestion_avoidance,
1463,262919.259942,146400,5,413492328,413532872,192.168.88.253,43692,192,,congestion_avoidance,
1464,262919.269393,146500,5,413774688,413815232,192.168.88.253,43692,195,,congestion_avoidance,
1465,262919.278837,146600,5,414057048,414097592,192.168.88.253,43692,192,,congestion_avoidance,
1466,262919.288231,146700,5,414337960,414379952,192.168.88.253,43692,187,,congestion_avoidance,
1467,262919.297686,146800,5,414620320,414660864,192.168.88.253,43692,190,,congestion_avoidance,
1468,262919.307130,146900,5,414902680,414943224,192.168.88.253,43692,187,,congestion_avoidance,
1469,262919.316534,147000,5,415183592,415224136,192.168.88.253,43692,224,,congestion_avoidance,
1470,262919.326073,147100,5,415468848,415509392,192.168.88.253,43692,193,,congestion_avoidance,
1471,262919.335425,147200,5,415748312,415788856,192.168.88.253,43692,194,,congestion_avoidance,
1472,262919.344821,147300,5,416029224,416071216,192.168.88.253,43692,190,,congestion_avoidance,
1473,262919.354176,147400,5,416308688,416349232,192.168.88.253,43692,195,,congestion_avoidance,
1474,262919.363620,147500,5,416591048,416633040,192.168.88.253,43692,189,,congestion_avoidance,
1475,262919.373026,147600,5,416871960,416912504,192.168.88.253,43692,182,,congestion_avoidance,
1476,262919.382433,147700,5,417152872,417193416,192.168.88.253,43692,199,,congestion_avoidance,
1477,262919.391877,147800,5,417435232,417475776,192.168.88.253,43692,249,,congestion_avoidance,
1478,262919.401377,147900,5,417719040,417759584,192.168.88.253,43692,201,,congestion_avoidance,
1479,262919.410863,148000,5,418002848,418043392,192.168.88.253,43692,193,,congestion_avoidance,
1480,262919.420374,148100,5,418286656,418328648,192.168.88.253,43692,213,,congestion_avoidance,
1481,262919.429848,148200,5,418570464,418611008,192.168.88.253,43692,192,,congestion_avoidance,
1482,262919.439345,148300,5,418854272,418894816,192.168.88.253,43692,192,,congestion_avoidance,
1483,262919.448793,148400,5,419136632,419178624,192.168.88.253,43692,187,,congestion_avoidance,
1484,262919.458142,148500,5,419416096,419456640,192.168.88.253,43692,189,,congestion_avoidance,
1485,262919.467494,148600,5,419695560,419736104,192.168.88.253,43692,203,,congestion_avoidance,
1486,262919.476985,148700,5,419979368,420021360,192.168.88.253,43692,191,,congestion_avoidance,
1487,262919.486390,148800,5,420260280,420300824,192.168.88.253,43692,195,,congestion_avoidance,
1488,262919.495921,148900,5,420544088,420587528,192.168.88.253,43692,163,,congestion_avoidance,
1489,262919.505573,149000,5,420833688,420875680,192.168.88.253,43692,191,,congestion_avoidance,
1490,262919.515067,149100,5,421117496,421158040,192.168.88.253,43692,193,,congestion_avoidance,
1491,262919.524516,149200,5,421399856,421440400,192.168.88.253,43692,188,,congestion_avoidance,
1492,262919.534011,149300,5,421683664,421725656,192.168.88.253,43692,193,,congestion_avoidance,
1493,262919.543411,149400,5,421964576,422005120,192.168.88.253,43692,190,,congestion_avoidance,
1494,262919.552809,149500,5,422245488,422286032,192.168.88.253,43692,192,,congestion_avoidance,
1495,262919.562354,149600,5,422530744,422571288,192.168.88.253,43692,192,,congestion_avoidance,
1496,262919.574500,149700,5,422824688,422865232,192.168.88.253,43692,200,,congestion_avoidance,
1497,262919.584232,149800,5,423109944,423150488,192.168.88.253,43692,186,,congestion_avoidance,
1498,262919.598857,149900,5,423393752,423434296,192.168.88.253,43692,192,,congestion_avoidance,
1499,262919.608302,150000,5,423676112,423716656,192.168.88.253,43692,193,,congestion_avoidance,
1500,262919.617896,150100,5,423962816,424003360,192.168.88.253,43692,193,,congestion_avoidance,
1501,262919.627256,150200,5,424242280,424282824,192.168.88.253,43692,241,,congestion_avoidance,
1502,262919.636651,150300,5,424523192,424563736,192.168.88.253,43692,191,,congestion_avoidance,
1503,262919.646139,150400,5,424805552,424848992,192.168.88.253,43692,216,,congestion_avoidance,
1504,262919.655509,150500,5,425086464,425127008,192.168.88.253,43692,198,,congestion_avoidance,
1505,262919.665091,150600,5,425373168,425413712,192.168.88.253,43692,187,,congestion_avoidance,
1506,262919.674543,150700,5,425655528,425696072,192.168.88.253,43692,185,,congestion_avoidance,
1507,262919.683942,150800,5,425936440,425976984,192.168.88.253,43692,195,,congestion_avoidance,
1508,262919.693393,150900,5,426218800,426259344,192.168.88.253,43692,187,,congestion_avoidance,
1509,262919.702832,151000,5,426501160,426543152,192.168.88.253,43692,190,,congestion_avoidance,
1510,262919.712335,151100,5,426784968,426825512,192.168.88.253,43692,162,,congestion_avoidance,
1511,262919.721886,151200,5,427070224,427110768,192.168.88.253,43692,249,,congestion_avoidance,
1512,262919.731467,151300,5,427356928,427398920,192.168.88.253,43692,190,,congestion_avoidance,
1513,262919.740970,151400,5,427640736,427681280,192.168.88.253,43692,198,,congestion_avoidance,
1514,262919.750366,151500,5,427921648,427962192,192.168.88.253,43692,200,,congestion_avoidance,
1515,262919.759910,151600,5,428206904,428248896,192.168.88.253,43692,190,,congestion_avoidance,
1516,262919.769311,151700,5,428487816,428528360,192.168.88.253,43692,195,,congestion_avoidance,
1517,262919.778786,151800,5,428770176,428810720,192.168.88.253,43692,187,,congestion_avoidance,
1518,262919.788260,151900,5,429053984,429094528,192.168.88.253,43692,191,,congestion_avoidance,
1519,262919.797610,152000,5,429333448,429373992,192.168.88.253,43692,194,,congestion_avoidance,
1520,262919.807050,152100,5,429615808,429656352,192.168.88.253,43692,192,,congestion_avoidance,
1521,262919.816643,152200,5,429902512,429943056,192.168.88.253,43692,190,,congestion_avoidance,
1522,262919.826041,152300,5,430183424,430223968,192.168.88.253,43692,190,,congestion_avoidance,
1523,262919.835447,152400,5,430464336,430504880,192.168.88.253,43692,246,,congestion_avoidance,
1524,262919.844987,152500,5,430749592,430790136,192.168.88.253,43692,195,,congestion_avoidance,
1525,262919.854483,152600,5,431033400,431073944,192.168.88.253,43692,176,,congestion_avoidance,
1526,262919.863977,152700,5,431317208,431359200,192.168.88.253,43692,186,,congestion_avoidance,
1527,262919.873424,152800,5,431599568,431640112,192.168.88.253,43692,192,,congestion_avoidance,
1528,262919.882920,152900,5,431883376,431923920,192.168.88.253,43692,220,,congestion_avoidance,
1529,262919.892368,153000,5,432165736,432206280,192.168.88.253,43692,194,,congestion_avoidance,
1530,262919.901865,153100,5,432449544,432490088,192.168.88.253,43692,192,,congestion_avoidance,
1531,262919.911457,153200,5,432733352,432775344,192.168.88.253,43692,139,,congestion_avoidance,
1532,262919.920901,153300,5,433018608,433059152,192.168.88.253,43692,193,,congestion_avoidance,
1533,262919.930398,153400,5,433302416,433342960,192.168.88.253,43692,196,,congestion_avoidance,
1534,262919.939899,153500,5,433586224,433626768,192.168.88.253,43692,197,,congestion_avoidance,
1535,262919.949389,153600,5,433870032,433912024,192.168.88.253,43692,193,,congestion_avoidance,
1536,262919.958888,153700,5,434153840,434194384,192.168.88.253,43692,188,,congestion_avoidance,
1537,262919.968388,153800,5,434437648,434478192,192.168.88.253,43692,200,,congestion_avoidance,
1538,262919.977833,153900,5,434720008,434760552,192.168.88.253,43692,248,,congestion_avoidance,
1539,262919.987324,154000,5,435003816,435044360,192.168.88.253,43692,193,,congestion_avoidance,
1540,262919.996674,154100,5,435283280,435323824,192.168.88.253,43692,194,,congestion_avoidance,
1541,262920.006161,154200,5,435567088,435610528,192.168.88.253,43692,196,,congestion_avoidance,
1542,262920.015665,154300,5,435850896,435891440,192.168.88.253,43692,186,,congestion_avoidance,
1543,262920.025113,154400,5,436133256,436173800,192.168.88.253,43692,243,,congestion_avoidance,
1544,262920.034608,154500,5,436417064,436459056,192.168.88.253,43692,190,,congestion_avoidance,
1545,262920.043961,154600,5,436696528,436737072,192.168.88.253,43692,190,,congestion_avoidance,
1546,262920.053492,154700,5,436980336,437022328,192.168.88.253,43692,221,,congestion_avoidance,
1547,262920.062855,154800,5,437261248,437301792,192.168.88.253,43692,190,,congestion_avoidance,
1548,262920.072254,154900,5,437542160,437582704,192.168.88.253,43692,193,,congestion_avoidance,
1549,262920.082425,155000,5,437824520,437865064,192.168.88.253,43692,194,,congestion_avoidance,
1550,262920.091868,155100,5,438106880,438147424,192.168.88.253,43692,190,,congestion_avoidance,
1551,262920.101316,155200,5,438389240,438429784,192.168.88.253,43692,193,,congestion_avoidance,
1552,262920.110813,155300,5,438673048,438713592,192.168.88.253,43692,192,,congestion_avoidance,
1553,262920.120162,155400,5,438952512,438993056,192.168.88.253,43692,238,,congestion_avoidance,
1554,262920.129614,155500,5,439234872,439275416,192.168.88.253,43692,196,,congestion_avoidance,
1555,262920.139019,155600,5,439515784,439556328,192.168.88.253,43692,191,,congestion_avoidance,
1556,262920.148660,155700,5,439802488,439840136,192.168.88.253,43692,252,,congestion_avoidance,
1557,262920.158248,155800,5,440083400,440123944,192.168.88.253,43692,197,,congestion_avoidance,
1558,262920.167676,155900,5,440364312,440406304,192.168.88.253,43692,232,,congestion_avoidance,
1559,262920.177128,156000,5,440648120,440688664,192.168.88.253,43692,189,,congestion_avoidance,
1560,262920.186481,156100,5,440927584,440968128,192.168.88.253,43692,194,,congestion_avoidance,
1561,262920.196025,156200,5,441212840,441254832,192.168.88.253,43692,189,,congestion_avoidance,
1562,262920.205426,156300,5,441493752,441534296,192.168.88.253,43692,193,,congestion_avoidance,
1563,262920.214872,156400,5,441776112,441816656,192.168.88.253,43692,187,,congestion_avoidance,
1564,262920.224368,156500,5,442059920,442100464,192.168.88.253,43692,190,,congestion_avoidance,
1565,262920.233818,156600,5,442342280,442382824,192.168.88.253,43692,192,,congestion_avoidance,
1566,262920.243316,156700,5,442626088,442666632,192.168.88.253,43692,190,,congestion_avoidance,
1567,262920.252814,156800,5,442909896,442951888,192.168.88.253,43692,192,,congestion_avoidance,
1568,262920.262257,156900,5,443192256,443232800,192.168.88.253,43692,193,,congestion_avoidance,
1569,262920.271606,157000,5,443471720,443512264,192.168.88.253,43692,191,,congestion_avoidance,
1570,262920.281001,157100,5,443752632,443796072,192.168.88.253,43692,198,,congestion_avoidance,
1571,262920.290456,157200,5,444034992,444075536,192.168.88.253,43692,191,,congestion_avoidance,
1572,262920.299863,157300,5,444315904,444356448,192.168.88.253,43692,251,,congestion_avoidance,
1573,262920.309622,157400,5,444601160,444643152,192.168.88.253,43692,191,,congestion_avoidance,
1574,262920.319071,157500,5,444883520,444924064,192.168.88.253,43692,196,,congestion_avoidance,
1575,262920.328660,157600,5,445170224,445210768,192.168.88.253,43692,188,,congestion_avoidance,
1576,262920.338103,157700,5,445452584,445494576,192.168.88.253,43692,187,,congestion_avoidance,
1577,262920.348872,157800,5,445747976,445788520,192.168.88.253,43692,194,,congestion_avoidance,
1578,262920.358352,157900,5,446030336,446070880,192.168.88.253,43692,224,,congestion_avoidance,
1579,262920.368109,158000,5,446322832,446363376,192.168.88.253,43692,196,,congestion_avoidance,
1580,262920.377606,158100,5,446606640,446648632,192.168.88.253,43692,189,,congestion_avoidance,
1581,262920.387150,158200,5,446891896,446932440,192.168.88.253,43692,193,,congestion_avoidance,
1582,262920.396644,158300,5,447175704,447216248,192.168.88.253,43692,187,,congestion_avoidance,
1583,262920.407787,158400,5,447469648,447510192,192.168.88.253,43692,185,,congestion_avoidance,
1584,262920.417284,158500,5,447753456,447794000,192.168.88.253,43692,195,,congestion_avoidance,
1585,262920.428977,158600,5,448038712,448079256,192.168.88.253,43692,190,,congestion_avoidance,
1586,262920.438385,158700,5,448319624,448360168,192.168.88.253,43692,253,,congestion_avoidance,
1587,262920.447830,158800,5,448601984,448642528,192.168.88.253,43692,193,,congestion_avoidance,
1588,262920.462111,158900,5,448900272,448937920,192.168.88.253,43692,379,,congestion_avoidance,
1589,262920.471492,159000,5,449185528,449227520,192.168.88.253,43692,244,,congestion_avoidance,
1590,262920.480781,159100,5,449464992,449505536,192.168.88.253,43692,191,,congestion_avoidance,
1591,262920.490279,159200,5,449748800,449789344,192.168.88.253,43692,195,,congestion_avoidance,
1592,262920.499773,159300,5,450032608,450073152,192.168.88.253,43692,190,,congestion_avoidance,
1593,262920.509321,159400,5,450317864,450358408,192.168.88.253,43692,200,,congestion_avoidance,
1594,262920.518716,159500,5,450598776,450639320,192.168.88.253,43692,193,,congestion_avoidance,
1595,262920.528208,159600,5,450882584,450923128,192.168.88.253,43692,192,,congestion_avoidance,
1596,262920.537754,159700,5,451167840,451208384,192.168.88.253,43692,193,,congestion_avoidance,
1597,262920.547107,159800,5,451447304,451487848,192.168.88.253,43692,193,,congestion_avoidance,
1598,262920.556510,159900,5,451728216,451768760,192.168.88.253,43692,234,,congestion_avoidance,
1599,262920.565998,160000,5,452012024,452052568,192.168.88.253,43692,193,,congestion_avoidance,
1600,262920.575396,160100,5,452292936,452333480,192.168.88.253,43692,192,,congestion_avoidance,
1601,262920.584893,160200,5,452576744,452618736,192.168.88.253,43692,190,,congestion_avoidance,
1602,262920.594199,160300,5,452854760,452895304,192.168.88.253,43692,194,,congestion_avoidance,
1603,262920.603601,160400,5,453135672,453177664,192.168.88.253,43692,189,,congestion_avoidance,
1604,262920.612959,160500,5,453415136,453455680,192.168.88.253,43692,192,,congestion_avoidance,
1605,262920.622397,160600,5,453697496,453738040,192.168.88.253,43692,180,,congestion_avoidance,
1606,262920.631846,160700,5,453979856,454023296,192.168.88.253,43692,206,,congestion_avoidance,
1607,262920.641304,160800,5,454262216,454302760,192.168.88.253,43692,195,,congestion_avoidance,
1608,262920.650697,160900,5,454543128,454583672,192.168.88.253,43692,192,,congestion_avoidance,
1609,262920.660146,161000,5,454825488,454866032,192.168.88.253,43692,192,,congestion_avoidance,
1610,262920.669546,161100,5,455106400,455146944,192.168.88.253,43692,193,,congestion_avoidance,
1611,262920.678994,161200,5,455388760,455430752,192.168.88.253,43692,196,,congestion_avoidance,
1612,262920.688347,161300,5,455668224,455708768,192.168.88.253,43692,200,,congestion_avoidance,
1613,262920.697839,161400,5,455952032,455992576,192.168.88.253,43692,187,,congestion_avoidance,
1614,262920.707389,161500,5,456237288,456277832,192.168.88.253,43692,196,,congestion_avoidance,
1615,262920.716788,161600,5,456518200,456558744,192.168.88.253,43692,199,,congestion_avoidance,
1616,262920.726231,161700,5,456800560,456841104,192.168.88.253,43692,193,,congestion_avoidance,
1617,262920.735727,161800,5,457084368,457124912,192.168.88.253,43692,242,,congestion_avoidance,
1618,262920.745282,161900,5,457369624,457410168,192.168.88.253,43692,198,,congestion_avoidance,
1619,262920.754721,162000,5,457651984,457692528,192.168.88.253,43692,181,,congestion_avoidance,
1620,262920.764224,162100,5,457935792,457976336,192.168.88.253,43692,196,,congestion_avoidance,
1621,262920.773720,162200,5,458219600,458260144,192.168.88.253,43692,195,,congestion_avoidance,
1622,262920.783019,162300,5,458497616,458538160,192.168.88.253,43692,194,,congestion_avoidance,
1623,262920.792414,162400,5,458778528,458820520,192.168.88.253,43692,196,,congestion_avoidance,
1624,262920.801714,162500,5,459056544,459097088,192.168.88.253,43692,188,,congestion_avoidance,
1625,262920.811263,162600,5,459341800,459383792,192.168.88.253,43692,149,,congestion_avoidance,
1626,262920.820707,162700,5,459624160,459664704,192.168.88.253,43692,193,,congestion_avoidance,
1627,262920.830200,162800,5,459907968,459948512,192.168.88.253,43692,193,,congestion_avoidance,
1628,262920.839695,162900,5,460191776,460232320,192.168.88.253,43692,190,,congestion_avoidance,
1629,262920.849390,163000,5,460481376,460523368,192.168.88.253,43692,195,,congestion_avoidance,
1630,262920.858840,163100,5,460763736,460804280,192.168.88.253,43692,194,,congestion_avoidance,
1631,262920.868297,163200,5,461046096,461086640,192.168.88.253,43692,209,,congestion_avoidance,
1632,262920.877917,163300,5,461331352,461373344,192.168.88.253,43692,186,,congestion_avoidance,
1633,262920.887219,163400,5,461609368,461649912,192.168.88.253,43692,192,,congestion_avoidance,
1634,262920.896617,163500,5,461890280,461930824,192.168.88.253,43692,190,,congestion_avoidance,
1635,262920.906072,163600,5,462172640,462213184,192.168.88.253,43692,202,,congestion_avoidance,
1636,262920.915371,163700,5,462450656,462491200,192.168.88.253,43692,210,,congestion_avoidance,
1637,262920.924848,163800,5,462734464,462777904,192.168.88.253,43692,183,,congestion_avoidance,
1638,262920.934315,163900,5,463016824,463057368,192.168.88.253,43692,193,,congestion_avoidance,
1639,262920.943760,164000,5,463299184,463339728,192.168.88.253,43692,194,,congestion_avoidance,
1640,262920.953253,164100,5,463582992,463623536,192.168.88.253,43692,191,,congestion_avoidance,
1641,262920.963511,164200,5,463863904,463904448,192.168.88.253,43692,190,,congestion_avoidance,
1642,262920.973001,164300,5,464147712,464188256,192.168.88.253,43692,190,,congestion_avoidance,
1643,262920.982454,164400,5,464430072,464470616,192.168.88.253,43692,184,,congestion_avoidance,
1644,262920.991855,164500,5,464710984,464751528,192.168.88.253,43692,199,,congestion_avoidance,
1645,262921.001247,164600,5,464991896,465032440,192.168.88.253,43692,178,,congestion_avoidance,
1646,262921.010695,164700,5,465274256,465314800,192.168.88.253,43692,192,,congestion_avoidance,
1647,262921.020193,164800,5,465558064,465598608,192.168.88.253,43692,187,,congestion_avoidance,
1648,262921.029597,164900,5,465838976,465879520,192.168.88.253,43692,233,,congestion_avoidance,
1649,262921.039043,165000,5,466121336,466161880,192.168.88.253,43692,164,,congestion_avoidance,
1650,262921.048533,165100,5,466405144,466445688,192.168.88.253,43692,187,,congestion_avoidance,
1651,262921.057922,165200,5,466686056,466729496,192.168.88.253,43692,197,,congestion_avoidance,
1652,262921.067384,165300,5,466968416,467008960,192.168.88.253,43692,199,,congestion_avoidance,
1653,262921.076825,165400,5,467250776,467291320,192.168.88.253,43692,240,,congestion_avoidance,
1654,262921.086321,165500,5,467534584,467575128,192.168.88.253,43692,195,,congestion_avoidance,
1655,262921.105121,165700,5,468096408,468138400,192.168.88.253,43692,195,,congestion_avoidance,
1656,262921.120299,165800,5,468383112,468423656,192.168.88.253,43692,162,,congestion_avoidance,
1657,262921.129519,165900,5,468668368,468708912,192.168.88.253,43692,187,,congestion_avoidance,
1658,262921.138981,166000,5,468950728,468991272,192.168.88.253,43692,211,,congestion_avoidance,
1659,262921.148517,166100,5,469235984,469276528,192.168.88.253,43692,187,,congestion_avoidance,
1660,262921.158062,166200,5,469521240,469561784,192.168.88.253,43692,192,,congestion_avoidance,
1661,262921.167462,166300,5,469802152,469842696,192.168.88.253,43692,194,,congestion_avoidance,
1662,262921.176914,166400,5,470084512,470125056,192.168.88.253,43692,199,,congestion_avoidance,
1663,262921.186381,166500,5,470366872,470407416,192.168.88.253,43692,212,,congestion_avoidance,
1664,262921.195923,166600,5,470652128,470694120,192.168.88.253,43692,218,,congestion_avoidance,
1665,262921.205300,166700,5,470933040,470973584,192.168.88.253,43692,186,,congestion_avoidance,
1666,262921.214657,166800,5,471212504,471253048,192.168.88.253,43692,199,,congestion_avoidance,
1667,262921.224098,166900,5,471494864,471538304,192.168.88.253,43692,201,,congestion_avoidance,
1668,262921.233690,167000,5,471781568,471822112,192.168.88.253,43692,191,,congestion_avoidance,
1669,262921.243021,167100,5,472059584,472103024,192.168.88.253,43692,270,,congestion_avoidance,
1670,262921.256614,167200,5,472343392,472381040,192.168.88.253,43692,138,,congestion_avoidance,
1671,262921.266038,167300,5,472627200,472667744,192.168.88.253,43692,196,,congestion_avoidance,
1672,262921.275578,167400,5,472912456,472954448,192.168.88.253,43692,188,,congestion_avoidance,
1673,262921.285374,167500,5,473204952,473246944,192.168.88.253,43692,193,,congestion_avoidance,
1674,262921.294822,167600,5,473487312,473527856,192.168.88.253,43692,193,,congestion_avoidance,
1675,262921.304320,167700,5,473771120,473811664,192.168.88.253,43692,190,,congestion_avoidance,
1676,262921.313768,167800,5,474053480,474096920,192.168.88.253,43692,208,,congestion_avoidance,
1677,262921.323165,167900,5,474334392,474374936,192.168.88.253,43692,194,,congestion_avoidance,
1678,262921.332602,168000,5,474615304,474657296,192.168.88.253,43692,216,,congestion_avoidance,
1679,262921.342010,168100,5,474897664,474938208,192.168.88.253,43692,192,,congestion_avoidance,
1680,262921.351507,168200,5,475181472,475222016,192.168.88.253,43692,174,,congestion_avoidance,
1681,262921.361000,168300,5,475465280,475505824,192.168.88.253,43692,191,,congestion_avoidance,
1682,262921.370549,168400,5,475750536,475792528,192.168.88.253,43692,191,,congestion_avoidance,
1683,262921.379944,168500,5,476031448,476071992,192.168.88.253,43692,192,,congestion_avoidance,
1684,262921.389511,168600,5,476316704,476360144,192.168.88.253,43692,261,,congestion_avoidance,
1685,262921.400062,168700,5,476599064,476639608,192.168.88.253,43692,192,,congestion_avoidance,
1686,262921.409463,168800,5,476879976,476920520,192.168.88.253,43692,190,,congestion_avoidance,
1687,262921.418911,168900,5,477162336,477202880,192.168.88.253,43692,194,,congestion_avoidance,
1688,262921.428454,169000,5,477447592,477488136,192.168.88.253,43692,186,,congestion_avoidance,
1689,262921.437952,169100,5,477731400,477771944,192.168.88.253,43692,194,,congestion_avoidance,
1690,262921.447449,169200,5,478015208,478055752,192.168.88.253,43692,195,,congestion_avoidance,
1691,262921.456898,169300,5,478297568,478338112,192.168.88.253,43692,190,,congestion_avoidance,
1692,262921.466299,169400,5,478578480,478619024,192.168.88.253,43692,190,,congestion_avoidance,
1693,262921.475747,169500,5,478860840,478901384,192.168.88.253,43692,241,,congestion_avoidance,
1694,262921.485292,169600,5,479146096,479186640,192.168.88.253,43692,197,,congestion_avoidance,
1695,262921.494780,169700,5,479429904,479470448,192.168.88.253,43692,192,,congestion_avoidance,
1696,262921.504305,169800,5,479713712,479754256,192.168.88.253,43692,219,,congestion_avoidance,
1697,262921.513726,169900,5,479996072,480036616,192.168.88.253,43692,190,,congestion_avoidance,
1698,262921.523075,170000,5,480275536,480316080,192.168.88.253,43692,189,,congestion_avoidance,
1699,262921.532618,170100,5,480560792,480601336,192.168.88.253,43692,187,,congestion_avoidance,
1700,262921.542065,170200,5,480843152,480883696,192.168.88.253,43692,192,,congestion_avoidance,
1701,262921.551516,170300,5,481125512,481166056,192.168.88.253,43692,191,,congestion_avoidance,
1702,262921.560855,170400,5,481404976,481448416,192.168.88.253,43692,194,,congestion_avoidance,
1703,262921.570267,170500,5,481685888,481726432,192.168.88.253,43692,194,,congestion_avoidance,
1704,262921.579692,170600,5,481965352,482007344,192.168.88.253,43692,268,,congestion_avoidance,
1705,262921.589062,170700,5,482247712,482288256,192.168.88.253,43692,192,,congestion_avoidance,
1706,262921.598463,170800,5,482528624,482569168,192.168.88.253,43692,193,,congestion_avoidance,
1707,262921.617452,171000,5,483096240,483136784,192.168.88.253,43692,193,,congestion_avoidance,
1708,262921.629162,171100,5,483378600,483419144,192.168.88.253,43692,119,,congestion_avoidance,
1709,262921.640698,171200,5,483668200,483708744,192.168.88.253,43692,241,,congestion_avoidance,
1710,262921.657731,171300,5,483972280,484012824,192.168.88.253,43692,188,,congestion_avoidance,
1711,262921.667416,171400,5,484261880,484302424,192.168.88.253,43692,188,,congestion_avoidance,
1712,262921.676963,171500,5,484547136,484587680,192.168.88.253,43692,191,,congestion_avoidance,
1713,262921.686410,171600,5,484829496,484870040,192.168.88.253,43692,193,,congestion_avoidance,
1714,262921.695874,171700,5,485111856,485152400,192.168.88.253,43692,206,,congestion_avoidance,
1715,262921.705255,171800,5,485392768,485433312,192.168.88.253,43692,183,,congestion_avoidance,
1716,262921.714664,171900,5,485673680,485714224,192.168.88.253,43692,245,,congestion_avoidance,
1717,262921.724107,172000,5,485956040,485996584,192.168.88.253,43692,189,,congestion_avoidance,
1718,262921.733466,172100,5,486235504,486276048,192.168.88.253,43692,254,,congestion_avoidance,
1719,262921.742857,172200,5,486516416,486556960,192.168.88.253,43692,196,,congestion_avoidance,
1720,262921.752211,172300,5,486795880,486836424,192.168.88.253,43692,198,,congestion_avoidance,
1721,262921.761603,172400,5,487076792,487117336,192.168.88.253,43692,242,,congestion_avoidance,
1722,262921.771053,172500,5,487359152,487399696,192.168.88.253,43692,189,,congestion_avoidance,
1723,262921.780451,172600,5,487640064,487680608,192.168.88.253,43692,188,,congestion_avoidance,
1724,262921.789906,172700,5,487922424,487964416,192.168.88.253,43692,193,,congestion_avoidance,
1725,262921.799355,172800,5,488204784,488245328,192.168.88.253,43692,196,,congestion_avoidance,
1726,262921.808700,172900,5,488484248,488526240,192.168.88.253,43692,184,,congestion_avoidance,
1727,262921.818105,173000,5,488765160,488805704,192.168.88.253,43692,193,,congestion_avoidance,
1728,262921.827463,173100,5,489044624,489085168,192.168.88.253,43692,198,,congestion_avoidance,
1729,262921.836894,173200,5,489326984,489368976,192.168.88.253,43692,186,,congestion_avoidance,
1730,262921.846295,173300,5,489607896,489648440,192.168.88.253,43692,189,,congestion_avoidance,
1731,262921.855729,173400,5,489888808,489930800,192.168.88.253,43692,223,,congestion_avoidance,
1732,262921.865147,173500,5,490171168,490211712,192.168.88.253,43692,193,,congestion_avoidance,
1733,262921.874501,173600,5,490450632,490491176,192.168.88.253,43692,194,,congestion_avoidance,
1734,262921.883946,173700,5,490732992,490773536,192.168.88.253,43692,191,,congestion_avoidance,
1735,262921.893302,173800,5,491012456,491053000,192.168.88.253,43692,194,,congestion_avoidance,
1736,262921.902652,173900,5,491291920,491332464,192.168.88.253,43692,235,,congestion_avoidance,
1737,262921.912049,174000,5,491572832,491613376,192.168.88.253,43692,177,,congestion_avoidance,
1738,262921.921399,174100,5,491852296,491892840,192.168.88.253,43692,191,,congestion_avoidance,
1739,262921.930854,174200,5,492134656,492175200,192.168.88.253,43692,198,,congestion_avoidance,
1740,262921.940374,174300,5,492418464,492459008,192.168.88.253,43692,225,,congestion_avoidance,
1741,262921.949783,174400,5,492700824,492741368,192.168.88.253,43692,192,,congestion_avoidance,
1742,262921.959182,174500,5,492981736,493022280,192.168.88.253,43692,243,,congestion_avoidance,
1743,262921.968823,174600,5,493269888,493310432,192.168.88.253,43692,192,,congestion_avoidance,
1744,262921.978271,174700,5,493552248,493592792,192.168.88.253,43692,192,,congestion_avoidance,
1745,262921.987772,174800,5,493836056,493876600,192.168.88.253,43692,192,,congestion_avoidance,
1746,262921.997174,174900,5,494116968,494157512,192.168.88.253,43692,186,,congestion_avoidance,
1747,262922.006619,175000,5,494399328,494439872,192.168.88.253,43692,189,,congestion_avoidance,
1748,262922.016017,175100,5,494680240,494722232,192.168.88.253,43692,191,,congestion_avoidance,
1749,262922.025422,175200,5,494961152,495001696,192.168.88.253,43692,204,,congestion_avoidance,
1750,262922.034854,175300,5,495242064,495285504,192.168.88.253,43692,281,,congestion_avoidance,
1751,262922.044308,175400,5,495525872,495566416,192.168.88.253,43692,191,,congestion_avoidance,
1752,262922.053754,175500,5,495808232,495848776,192.168.88.253,43692,190,,congestion_avoidance,
1753,262922.063239,175600,5,496090592,496132584,192.168.88.253,43692,230,,congestion_avoidance,
1754,262922.072652,175700,5,496372952,496413496,192.168.88.253,43692,193,,congestion_avoidance,
1755,262922.082095,175800,5,496655312,496695856,192.168.88.253,43692,193,,congestion_avoidance,
1756,262922.091544,175900,5,496937672,496979664,192.168.88.253,43692,190,,congestion_avoidance,
1757,262922.100946,176000,5,497218584,497259128,192.168.88.253,43692,194,,congestion_avoidance,
1758,262922.110345,176100,5,497499496,497540040,192.168.88.253,43692,197,,congestion_avoidance,
1759,262922.129242,176300,5,498064216,498104760,192.168.88.253,43692,192,,congestion_avoidance,
1760,262922.138638,176400,5,498345128,498385672,192.168.88.253,43692,192,,congestion_avoidance,
1761,262922.148054,176500,5,498626040,498666584,192.168.88.253,43692,203,,congestion_avoidance,
1762,262922.157438,176600,5,498906952,498947496,192.168.88.253,43692,191,,congestion_avoidance,
1763,262922.166971,176700,5,499189312,499231304,192.168.88.253,43692,267,,congestion_avoidance,
1764,262922.176282,176800,5,499470224,499510768,192.168.88.253,43692,193,,congestion_avoidance,
1765,262922.185730,176900,5,499752584,499793128,192.168.88.253,43692,193,,congestion_avoidance,
1766,262922.195136,177000,5,500033496,500074040,192.168.88.253,43692,254,,congestion_avoidance,
1767,262922.204583,177100,5,500315856,500356400,192.168.88.253,43692,157,,congestion_avoidance,
1768,262922.214030,177200,5,500598216,500638760,192.168.88.253,43692,191,,congestion_avoidance,
1769,262922.223416,177300,5,500879128,500922568,192.168.88.253,43692,194,,congestion_avoidance,
1770,262922.232831,177400,5,501160040,501200584,192.168.88.253,43692,192,,congestion_avoidance,
1771,262922.242176,177500,5,501439504,501481496,192.168.88.253,43692,188,,congestion_avoidance,
1772,262922.251675,177600,5,501723312,501763856,192.168.88.253,43692,189,,congestion_avoidance,
1773,262922.261081,177700,5,502004224,502044768,192.168.88.253,43692,187,,congestion_avoidance,
1774,262922.270527,177800,5,502286584,502327128,192.168.88.253,43692,207,,congestion_avoidance,
1775,262922.280024,177900,5,502570392,502610936,192.168.88.253,43692,182,,congestion_avoidance,
1776,262922.289425,178000,5,502851304,502891848,192.168.88.253,43692,193,,congestion_avoidance,
1777,262922.298824,178100,5,503132216,503172760,192.168.88.253,43692,234,,congestion_avoidance,
1778,262922.308368,178200,5,503417472,503458016,192.168.88.253,43692,194,,congestion_avoidance,
1779,262922.317861,178300,5,503701280,503741824,192.168.88.253,43692,193,,congestion_avoidance,
1780,262922.327260,178400,5,503982192,504022736,192.168.88.253,43692,244,,congestion_avoidance,
1781,262922.336661,178500,5,504263104,504303648,192.168.88.253,43692,189,,congestion_avoidance,
1782,262922.346061,178600,5,504544016,504584560,192.168.88.253,43692,206,,congestion_avoidance,
1783,262922.355505,178700,5,504826376,504868368,192.168.88.253,43692,189,,congestion_avoidance,
1784,262922.364959,178800,5,505108736,505149280,192.168.88.253,43692,198,,congestion_avoidance,
1785,262922.374366,178900,5,505389648,505430192,192.168.88.253,43692,194,,congestion_avoidance,
1786,262922.383750,179000,5,505670560,505711104,192.168.88.253,43692,192,,congestion_avoidance,
1787,262922.393197,179100,5,505952920,505993464,192.168.88.253,43692,191,,congestion_avoidance,
1788,262922.402645,179200,5,506235280,506275824,192.168.88.253,43692,192,,congestion_avoidance,
1789,262922.412092,179300,5,506517640,506558184,192.168.88.253,43692,192,,congestion_avoidance,
1790,262922.421449,179400,5,506797104,506837648,192.168.88.253,43692,190,,congestion_avoidance,
1791,262922.430893,179500,5,507079464,507122904,192.168.88.253,43692,211,,congestion_avoidance,
1792,262922.440394,179600,5,507363272,507403816,192.168.88.253,43692,201,,congestion_avoidance,
1793,262922.449930,179700,5,507648528,507689072,192.168.88.253,43692,193,,congestion_avoidance,
1794,262922.459523,179800,5,507935232,507975776,192.168.88.253,43692,243,,congestion_avoidance,
1795,262922.469069,179900,5,508220488,508261032,192.168.88.253,43692,195,,congestion_avoidance,
1796,262922.478468,180000,5,508501400,508541944,192.168.88.253,43692,191,,congestion_avoidance,
1797,262922.487914,180100,5,508783760,508824304,192.168.88.253,43692,243,,congestion_avoidance,
1798,262922.497366,180200,5,509066120,509106664,192.168.88.253,43692,197,,congestion_avoidance,
1799,262922.506751,180300,5,509345584,509387576,192.168.88.253,43692,147,,congestion_avoidance,
1800,262922.516209,180400,5,509629392,509669936,192.168.88.253,43692,184,,congestion_avoidance,
1801,262922.525663,180500,5,509911752,509952296,192.168.88.253,43692,197,,congestion_avoidance,
1802,262922.535193,180600,5,510197008,510237552,192.168.88.253,43692,189,,congestion_avoidance,
1803,262922.544689,180700,5,510480816,510521360,192.168.88.253,43692,193,,congestion_avoidance,
1804,262922.554040,180800,5,510760280,510800824,192.168.88.253,43692,191,,congestion_avoidance,
1805,262922.563487,180900,5,511042640,511083184,192.168.88.253,43692,191,,congestion_avoidance,
1806,262922.572936,181000,5,511325000,511365544,192.168.88.253,43692,192,,congestion_avoidance,
1807,262922.582285,181100,5,511604464,511645008,192.168.88.253,43692,192,,congestion_avoidance,
1808,262922.591727,181200,5,511886824,511928816,192.168.88.253,43692,189,,congestion_avoidance,
1809,262922.601123,181300,5,512167736,512208280,192.168.88.253,43692,187,,congestion_avoidance,
1810,262922.610596,181400,5,512450096,512490640,192.168.88.253,43692,262,,congestion_avoidance,
1811,262922.619974,181500,5,512731008,512771552,192.168.88.253,43692,191,,congestion_avoidance,
1812,262922.629335,181600,5,513010472,513051016,192.168.88.253,43692,198,,congestion_avoidance,
1813,262922.638779,181700,5,513292832,513333376,192.168.88.253,43692,190,,congestion_avoidance,
1814,262922.648177,181800,5,513573744,513614288,192.168.88.253,43692,193,,congestion_avoidance,
1815,262922.657484,181900,5,513851760,513892304,192.168.88.253,43692,249,,congestion_avoidance,
1816,262922.666876,182000,5,514132672,514173216,192.168.88.253,43692,192,,congestion_avoidance,
1817,262922.676328,182100,5,514415032,514455576,192.168.88.253,43692,195,,congestion_avoidance,
1818,262922.685769,182200,5,514697392,514739384,192.168.88.253,43692,190,,congestion_avoidance,
1819,262922.695270,182300,5,514981200,515021744,192.168.88.253,43692,192,,congestion_avoidance,
1820,262922.704665,182400,5,515262112,515302656,192.168.88.253,43692,192,,congestion_avoidance,
1821,262922.714165,182500,5,515545920,515587912,192.168.88.253,43692,191,,congestion_avoidance,
1822,262922.723511,182600,5,515825384,515865928,192.168.88.253,43692,190,,congestion_avoidance,
1823,262922.732959,182700,5,516107744,516148288,192.168.88.253,43692,193,,congestion_avoidance,
1824,262922.742459,182800,5,516391552,516432096,192.168.88.253,43692,245,,congestion_avoidance,
1825,262922.751953,182900,5,516675360,516715904,192.168.88.253,43692,192,,congestion_avoidance,
1826,262922.761316,183000,5,516954824,516995368,192.168.88.253,43692,193,,congestion_avoidance,
1827,262922.770860,183100,5,517240080,517280624,192.168.88.253,43692,247,,congestion_avoidance,
1828,262922.780306,183200,5,517522440,517562984,192.168.88.253,43692,192,,congestion_avoidance,
1829,262922.789810,183300,5,517806248,517846792,192.168.88.253,43692,187,,congestion_avoidance,
1830,262922.799186,183400,5,518087160,518130600,192.168.88.253,43692,195,,congestion_avoidance,
1831,262922.808600,183500,5,518368072,518408616,192.168.88.253,43692,190,,congestion_avoidance,
1832,262922.818048,183600,5,518650432,518690976,192.168.88.253,43692,194,,congestion_avoidance,
1833,262922.827588,183700,5,518935688,518977680,192.168.88.253,43692,182,,congestion_avoidance,
1834,262922.836990,183800,5,519216600,519257144,192.168.88.253,43692,194,,congestion_avoidance,
1835,262922.846539,183900,5,519501856,519542400,192.168.88.253,43692,178,,congestion_avoidance,
1836,262922.856031,184000,5,519785664,519826208,192.168.88.253,43692,186,,congestion_avoidance,
1837,262922.865432,184100,5,520066576,520107120,192.168.88.253,43692,185,,congestion_avoidance,
1838,262922.874834,184200,5,520347488,520388032,192.168.88.253,43692,196,,congestion_avoidance,
1839,262922.884234,184300,5,520628400,520668944,192.168.88.253,43692,193,,congestion_avoidance,
1840,262922.893631,184400,5,520909312,520949856,192.168.88.253,43692,189,,congestion_avoidance,
1841,262922.903169,184500,5,521194568,521235112,192.168.88.253,43692,242,,congestion_avoidance,
1842,262922.912714,184600,5,521479824,521520368,192.168.88.253,43692,192,,congestion_avoidance,
1843,262922.922161,184700,5,521762184,521802728,192.168.88.253,43692,193,,congestion_avoidance,
1844,262922.931512,184800,5,522041648,522082192,192.168.88.253,43692,240,,congestion_avoidance,
1845,262922.941008,184900,5,522325456,522366000,192.168.88.253,43692,190,,congestion_avoidance,
1846,262922.950407,185000,5,522606368,522646912,192.168.88.253,43692,194,,congestion_avoidance,
1847,262922.959913,185100,5,522890176,522930720,192.168.88.253,43692,247,,congestion_avoidance,
1848,262922.969402,185200,5,523173984,523214528,192.168.88.253,43692,196,,congestion_avoidance,
1849,262922.978796,185300,5,523454896,523495440,192.168.88.253,43692,191,,congestion_avoidance,
1850,262922.988320,185400,5,523738704,523779248,192.168.88.253,43692,269,,congestion_avoidance,
1851,262922.997939,185500,5,524026856,524067400,192.168.88.253,43692,193,,congestion_avoidance,
1852,262923.007438,185600,5,524310664,524351208,192.168.88.253,43692,195,,congestion_avoidance,
1853,262923.016932,185700,5,524594472,524636464,192.168.88.253,43692,189,,congestion_avoidance,
1854,262923.026479,185800,5,524879728,524920272,192.168.88.253,43692,194,,congestion_avoidance,
1855,262923.035929,185900,5,525162088,525202632,192.168.88.253,43692,193,,congestion_avoidance,
1856,262923.045323,186000,5,525443000,525483544,192.168.88.253,43692,188,,congestion_avoidance,
1857,262923.054819,186100,5,525726808,525767352,192.168.88.253,43692,186,,congestion_avoidance,
1858,262923.064119,186200,5,526004824,526045368,192.168.88.253,43692,187,,congestion_avoidance,
1859,262923.073569,186300,5,526287184,526327728,192.168.88.253,43692,240,,congestion_avoidance,
1860,262923.083019,186400,5,526569544,526610088,192.168.88.253,43692,194,,congestion_avoidance,
1861,262923.092416,186500,5,526850456,526891000,192.168.88.253,43692,199,,congestion_avoidance,
1862,262923.101908,186600,5,527134264,527176256,192.168.88.253,43692,191,,congestion_avoidance,
1863,262923.111311,186700,5,527415176,527455720,192.168.88.253,43692,184,,congestion_avoidance,
1864,262923.120708,186800,5,527696088,527739528,192.168.88.253,43692,243,,congestion_avoidance,
1865,262923.130306,186900,5,527982792,528024784,192.168.88.253,43692,191,,congestion_avoidance,
1866,262923.139754,187000,5,528265152,528305696,192.168.88.253,43692,191,,congestion_avoidance,
1867,262923.149108,187100,5,528544616,528586608,192.168.88.253,43692,189,,congestion_avoidance,
1868,262923.158460,187200,5,528824080,528864624,192.168.88.253,43692,187,,congestion_avoidance,
1869,262923.167866,187300,5,529104992,529145536,192.168.88.253,43692,199,,congestion_avoidance,
1870,262923.177309,187400,5,529387352,529427896,192.168.88.253,43692,246,,congestion_avoidance,
1871,262923.186704,187500,5,529668264,529708808,192.168.88.253,43692,193,,congestion_avoidance,
1872,262923.196198,187600,5,529952072,529992616,192.168.88.253,43692,193,,congestion_avoidance,
1873,262923.205696,187700,5,530235880,530276424,192.168.88.253,43692,235,,congestion_avoidance,
1874,262923.215241,187800,5,530521136,530561680,192.168.88.253,43692,192,,congestion_avoidance,
1875,262923.224589,187900,5,530800600,530841144,192.168.88.253,43692,190,,congestion_avoidance,
1876,262923.234044,188000,5,531082960,531126400,192.168.88.253,43692,214,,congestion_avoidance,
1877,262923.243437,188100,5,531363872,531404416,192.168.88.253,43692,193,,congestion_avoidance,
1878,262923.252835,188200,5,531644784,531685328,192.168.88.253,43692,191,,congestion_avoidance,
1879,262923.262286,188300,5,531927144,531967688,192.168.88.253,43692,197,,congestion_avoidance,
1880,262923.271681,188400,5,532208056,532248600,192.168.88.253,43692,192,,congestion_avoidance,
1881,262923.281130,188500,5,532490416,532532408,192.168.88.253,43692,195,,congestion_avoidance,
1882,262923.290773,188600,5,532778568,532819112,192.168.88.253,43692,193,,congestion_avoidance,
1883,262923.300217,188700,5,533060928,533101472,192.168.88.253,43692,193,,congestion_avoidance,
1884,262923.309804,188800,5,533347632,533388176,192.168.88.253,43692,189,,congestion_avoidance,
1885,262923.319347,188900,5,533632888,533674880,192.168.88.253,43692,192,,congestion_avoidance,
1886,262923.328794,189000,5,533915248,533955792,192.168.88.253,43692,189,,congestion_avoidance,
1887,262923.338198,189100,5,534196160,534236704,192.168.88.253,43692,196,,congestion_avoidance,
1888,262923.347734,189200,5,534481416,534523408,192.168.88.253,43692,188,,congestion_avoidance,
1889,262923.357237,189300,5,534765224,534805768,192.168.88.253,43692,193,,congestion_avoidance,
1890,262923.366780,189400,5,535050480,535091024,192.168.88.253,43692,191,,congestion_avoidance,
1891,262923.376226,189500,5,535332840,535373384,192.168.88.253,43692,242,,congestion_avoidance,
1892,262923.385721,189600,5,535616648,535657192,192.168.88.253,43692,186,,congestion_avoidance,
1893,262923.395219,189700,5,535900456,535941000,192.168.88.253,43692,193,,congestion_avoidance,
1894,262923.404954,189800,5,536191504,536232048,192.168.88.253,43692,192,,congestion_avoidance,
1895,262923.414405,189900,5,536473864,536514408,192.168.88.253,43692,196,,congestion_avoidance,
1896,262923.423995,190000,5,536760568,536801112,192.168.88.253,43692,195,,congestion_avoidance,
1897,262923.433661,190100,5,537048720,537092160,192.168.88.253,43692,229,,congestion_avoidance,
1898,262923.443132,190200,5,537332528,537373072,192.168.88.253,43692,194,,congestion_avoidance,
1899,262923.452484,190300,5,537611992,537652536,192.168.88.253,43692,191,,congestion_avoidance,
1900,262923.462825,190400,5,537900144,537939240,192.168.88.253,43692,199,,congestion_avoidance,
1901,262923.472194,190500,5,538181056,538221600,192.168.88.253,43692,188,,congestion_avoidance,
1902,262923.481740,190600,5,538466312,538506856,192.168.88.253,43692,189,,congestion_avoidance,
1903,262923.491976,190700,5,538755912,538797904,192.168.88.253,43692,247,,congestion_avoidance,
1904,262923.501256,190800,5,539035376,539075920,192.168.88.253,43692,191,,congestion_avoidance,
1905,262923.511397,190900,5,539322080,539362624,192.168.88.253,43692,192,,congestion_avoidance,
1906,262923.520922,191000,5,539605888,539647880,192.168.88.253,43692,191,,congestion_avoidance,
1907,262923.531086,191100,5,539895488,539936032,192.168.88.253,43692,194,,congestion_avoidance,
1908,262923.540581,191200,5,540179296,540219840,192.168.88.253,43692,188,,congestion_avoidance,
1909,262923.550124,191300,5,540464552,540505096,192.168.88.253,43692,243,,congestion_avoidance,
1910,262923.559662,191400,5,540749808,540791800,192.168.88.253,43692,188,,congestion_avoidance,
1911,262923.569118,191500,5,541032168,541072712,192.168.88.253,43692,197,,congestion_avoidance,
1912,262923.578467,191600,5,541311632,541355072,192.168.88.253,43692,221,,congestion_avoidance,
1913,262923.587944,191700,5,541593992,541634536,192.168.88.253,43692,226,,congestion_avoidance,
1914,262923.597215,191800,5,541872008,541912552,192.168.88.253,43692,192,,congestion_avoidance,
1915,262923.606630,191900,5,542152920,542193464,192.168.88.253,43692,241,,congestion_avoidance,
1916,262923.616190,192000,5,542438176,542478720,192.168.88.253,43692,222,,congestion_avoidance,
1917,262923.625606,192100,5,542720536,542761080,192.168.88.253,43692,167,,congestion_avoidance,
1918,262923.635108,192200,5,543004344,543044888,192.168.88.253,43692,246,,congestion_avoidance,
1919,262923.644603,192300,5,543288152,543328696,192.168.88.253,43692,191,,congestion_avoidance,
1920,262923.654156,192400,5,543573408,543613952,192.168.88.253,43692,200,,congestion_avoidance,
1921,262923.663647,192500,5,543857216,543897760,192.168.88.253,43692,194,,congestion_avoidance,
1922,262923.673183,192600,5,544142472,544183016,192.168.88.253,43692,192,,congestion_avoidance,
1923,262923.682684,192700,5,544426280,544466824,192.168.88.253,43692,187,,congestion_avoidance,
1924,262923.695948,192800,5,544721672,544762216,192.168.88.253,43692,138,,congestion_avoidance,
1925,262923.705356,192900,5,545009824,545051816,192.168.88.253,43692,131,,congestion_avoidance,
1926,262923.718623,193000,5,545297976,545338520,192.168.88.253,43692,215,,congestion_avoidance,
1927,262923.727999,193100,5,545578888,545619432,192.168.88.253,43692,188,,congestion_avoidance,
1928,262923.737440,193200,5,545861248,545904688,192.168.88.253,43692,202,,congestion_avoidance,
1929,262923.746894,193300,5,546143608,546184152,192.168.88.253,43692,191,,congestion_avoidance,
1930,262923.756369,193400,5,546425968,546466512,192.168.88.253,43692,262,,congestion_avoidance,
1931,262923.765788,193500,5,546708328,546748872,192.168.88.253,43692,189,,congestion_avoidance,
1932,262923.775381,193600,5,546995032,547035576,192.168.88.253,43692,189,,congestion_avoidance,
1933,262923.784832,193700,5,547277392,547319384,192.168.88.253,43692,189,,congestion_avoidance,
1934,262923.794283,193800,5,547559752,547600296,192.168.88.253,43692,196,,congestion_avoidance,
1935,262923.803839,193900,5,547845008,547885552,192.168.88.253,43692,199,,congestion_avoidance,
1936,262923.813318,194000,5,548128816,548172256,192.168.88.253,43692,194,,congestion_avoidance,
1937,262923.822968,194100,5,548416968,548457512,192.168.88.253,43692,190,,congestion_avoidance,
1938,262923.832415,194200,5,548699328,548739872,192.168.88.253,43692,191,,congestion_avoidance,
1939,262923.841867,194300,5,548981688,549022232,192.168.88.253,43692,189,,congestion_avoidance,
1940,262923.851491,194400,5,549266944,549308936,192.168.88.253,43692,140,,congestion_avoidance,
1941,262923.860954,194500,5,549552200,549594192,192.168.88.253,43692,197,,congestion_avoidance,
1942,262923.870502,194600,5,549837456,549878000,192.168.88.253,43692,195,,congestion_avoidance,
1943,262923.879902,194700,5,550118368,550161808,192.168.88.253,43692,224,,congestion_avoidance,
1944,262923.889411,194800,5,550402176,550442720,192.168.88.253,43692,208,,congestion_avoidance,
1945,262923.898838,194900,5,550684536,550725080,192.168.88.253,43692,189,,congestion_avoidance,
1946,262923.908304,195000,5,550966896,551007440,192.168.88.253,43692,210,,congestion_avoidance,
1947,262923.917832,195100,5,551252152,551294144,192.168.88.253,43692,195,,congestion_avoidance,
1948,262923.927230,195200,5,551533064,551573608,192.168.88.253,43692,192,,congestion_avoidance,
1949,262923.936679,195300,5,551815424,551855968,192.168.88.253,43692,186,,congestion_avoidance,
1950,262923.946221,195400,5,552100680,552142672,192.168.88.253,43692,189,,congestion_avoidance,
1951,262923.955719,195500,5,552384488,552425032,192.168.88.253,43692,192,,congestion_avoidance,
1952,262923.965111,195600,5,552665400,552705944,192.168.88.253,43692,124,,congestion_avoidance,
1953,262923.974565,195700,5,552947760,552988304,192.168.88.253,43692,194,,congestion_avoidance,
1954,262923.983915,195800,5,553227224,553267768,192.168.88.253,43692,191,,congestion_avoidance,
1955,262923.993266,195900,5,553506688,553547232,192.168.88.253,43692,200,,congestion_avoidance,
1956,262924.006673,196000,5,553800632,553841176,192.168.88.253,43692,193,,congestion_avoidance,
1957,262924.016328,196100,5,554087336,554127880,192.168.88.253,43692,241,,congestion_avoidance,
1958,262924.025755,196200,5,554371144,554413136,192.168.88.253,43692,190,,congestion_avoidance,
1959,262924.035206,196300,5,554653504,554694048,192.168.88.253,43692,192,,congestion_avoidance,
1960,262924.044704,196400,5,554937312,554977856,192.168.88.253,43692,189,,congestion_avoidance,
1961,262924.054151,196500,5,555219672,555263112,192.168.88.253,43692,197,,congestion_avoidance,
1962,262924.063554,196600,5,555500584,555541128,192.168.88.253,43692,192,,congestion_avoidance,
1963,262924.072898,196700,5,555780048,555822040,192.168.88.253,43692,193,,congestion_avoidance,
1964,262924.082247,196800,5,556059512,556100056,192.168.88.253,43692,191,,congestion_avoidance,
1965,262924.091746,196900,5,556343320,556383864,192.168.88.253,43692,182,,congestion_avoidance,
1966,262924.101289,197000,5,556628576,556669120,192.168.88.253,43692,188,,congestion_avoidance,
1967,262924.110735,197100,5,556910936,556951480,192.168.88.253,43692,192,,congestion_avoidance,
1968,262924.120088,197200,5,557190400,557230944,192.168.88.253,43692,194,,congestion_avoidance,
1969,262924.129488,197300,5,557471312,557514752,192.168.88.253,43692,202,,congestion_avoidance,
1970,262924.138942,197400,5,557753672,557794216,192.168.88.253,43692,196,,congestion_avoidance,
1971,262924.148310,197500,5,558033136,558076576,192.168.88.253,43692,224,,congestion_avoidance,
1972,262924.157731,197600,5,558315496,558356040,192.168.88.253,43692,180,,congestion_avoidance,
1973,262924.167104,197700,5,558594960,558635504,192.168.88.253,43692,212,,congestion_avoidance,
1974,262924.176534,197800,5,558877320,558917864,192.168.88.253,43692,190,,congestion_avoidance,
1975,262924.185931,197900,5,559158232,559198776,192.168.88.253,43692,191,,congestion_avoidance,
1976,262924.195378,198000,5,559440592,559481136,192.168.88.253,43692,187,,congestion_avoidance,
1977,262924.204768,198100,5,559721504,559764944,192.168.88.253,43692,194,,congestion_avoidance,
1978,262924.214182,198200,5,560002416,560042960,192.168.88.253,43692,191,,congestion_avoidance,
1979,262924.223576,198300,5,560283328,560323872,192.168.88.253,43692,184,,congestion_avoidance,
1980,262924.233072,198400,5,560567136,560607680,192.168.88.253,43692,191,,congestion_avoidance,
1981,262924.242524,198500,5,560849496,560890040,192.168.88.253,43692,192,,congestion_avoidance,
1982,262924.251966,198600,5,561131856,561173848,192.168.88.253,43692,190,,congestion_avoidance,
1983,262924.261467,198700,5,561415664,561456208,192.168.88.253,43692,195,,congestion_avoidance,
1984,262924.270818,198800,5,561695128,561735672,192.168.88.253,43692,194,,congestion_avoidance,
1985,262924.280451,198900,5,561981832,562022376,192.168.88.253,43692,121,,congestion_avoidance,
1986,262924.289906,199000,5,562265640,562306184,192.168.88.253,43692,193,,congestion_avoidance,
1987,262924.299453,199100,5,562550896,562591440,192.168.88.253,43692,192,,congestion_avoidance,
1988,262924.308859,199200,5,562831808,562872352,192.168.88.253,43692,243,,congestion_avoidance,
1989,262924.318218,199300,5,563111272,563151816,192.168.88.253,43692,205,,congestion_avoidance,
1990,262924.327616,199400,5,563392184,563432728,192.168.88.253,43692,200,,congestion_avoidance,
1991,262924.337003,199500,5,563673096,563713640,192.168.88.253,43692,193,,congestion_avoidance,
1992,262924.346405,199600,5,563954008,563994552,192.168.88.253,43692,186,,congestion_avoidance,
1993,262924.355899,199700,5,564237816,564279808,192.168.88.253,43692,188,,congestion_avoidance,
1994,262924.365390,199800,5,564521624,564562168,192.168.88.253,43692,192,,congestion_avoidance,
1995,262924.374885,199900,5,564805432,564845976,192.168.88.253,43692,183,,congestion_avoidance,
1996,262924.384400,200000,5,565089240,565129784,192.168.88.253,43692,211,,congestion_avoidance,
1997,262924.393834,200100,5,565371600,565412144,192.168.88.253,43692,186,,congestion_avoidance,
1998,262924.403278,200200,5,565653960,565694504,192.168.88.253,43692,188,,congestion_avoidance,
1999,262924.412846,200300,5,565939216,565981208,192.168.88.253,43692,192,,congestion_avoidance,
2000,262924.422318,200400,5,566223024,566263568,192.168.88.253,43692,196,,congestion_avoidance,
2001,262924.431670,200500,5,566502488,566543032,192.168.88.253,43692,192,,congestion_avoidance,
2002,262924.441116,200600,5,566784848,566825392,192.168.88.253,43692,241,,congestion_avoidance,
2003,262924.450785,200700,5,567068656,567109200,192.168.88.253,43692,188,,congestion_avoidance,
2004,262924.460232,200800,5,567351016,567391560,192.168.88.253,43692,192,,congestion_avoidance,
2005,262924.469679,200900,5,567633376,567673920,192.168.88.253,43692,241,,congestion_avoidance,
2006,262924.479175,201000,5,567917184,567957728,192.168.88.253,43692,193,,congestion_avoidance,
2007,262924.488578,201100,5,568198096,568238640,192.168.88.253,43692,196,,congestion_avoidance,
2008,262924.497971,201200,5,568479008,568521000,192.168.88.253,43692,190,,congestion_avoidance,
2009,262924.507422,201300,5,568761368,568801912,192.168.88.253,43692,194,,congestion_avoidance,
2010,262924.516968,201400,5,569046624,569087168,192.168.88.253,43692,176,,congestion_avoidance,
2011,262924.526407,201500,5,569328984,569372424,192.168.88.253,43692,200,,congestion_avoidance,
2012,262924.535956,201600,5,569614240,569654784,192.168.88.253,43692,193,,congestion_avoidance,
2013,262924.545547,201700,5,569900944,569941488,192.168.88.253,43692,191,,congestion_avoidance,
2014,262924.555044,201800,5,570184752,570225296,192.168.88.253,43692,187,,congestion_avoidance,
2015,262924.564443,201900,5,570465664,570506208,192.168.88.253,43692,186,,congestion_avoidance,
2016,262924.573792,202000,5,570745128,570785672,192.168.88.253,43692,205,,congestion_avoidance,
2017,262924.583199,202100,5,571026040,571066584,192.168.88.253,43692,196,,congestion_avoidance,
2018,262924.592545,202200,5,571305504,571346048,192.168.88.253,43692,193,,congestion_avoidance,
2019,262924.601894,202300,5,571584968,571625512,192.168.88.253,43692,243,,congestion_avoidance,
2020,262924.611291,202400,5,571865880,571906424,192.168.88.253,43692,193,,congestion_avoidance,
2021,262924.620657,202500,5,572145344,572185888,192.168.88.253,43692,256,,congestion_avoidance,
2022,262924.630048,202600,5,572426256,572466800,192.168.88.253,43692,192,,congestion_avoidance,
2023,262924.639400,202700,5,572705720,572746264,192.168.88.253,43692,196,,congestion_avoidance,
2024,262924.648807,202800,5,572986632,573027176,192.168.88.253,43692,245,,congestion_avoidance,
2025,262924.658349,202900,5,573271888,573312432,192.168.88.253,43692,194,,congestion_avoidance,
2026,262924.667745,203000,5,573552800,573593344,192.168.88.253,43692,192,,congestion_avoidance,
2027,262924.677193,203100,5,573835160,573875704,192.168.88.253,43692,246,,congestion_avoidance,
2028,262924.686688,203200,5,574118968,574159512,192.168.88.253,43692,191,,congestion_avoidance,
2029,262924.695993,203300,5,574396984,574437528,192.168.88.253,43692,206,,congestion_avoidance,
2030,262924.705394,203400,5,574677896,574718440,192.168.88.253,43692,194,,congestion_avoidance,
2031,262924.714694,203500,5,574955912,574996456,192.168.88.253,43692,186,,congestion_avoidance,
2032,262924.724092,203600,5,575236824,575277368,192.168.88.253,43692,242,,congestion_avoidance,
2033,262924.733587,203700,5,575520632,575561176,192.168.88.253,43692,191,,congestion_avoidance,
2034,262924.743037,203800,5,575802992,575843536,192.168.88.253,43692,194,,congestion_avoidance,
2035,262924.752436,203900,5,576083904,576124448,192.168.88.253,43692,242,,congestion_avoidance,
2036,262924.761930,204000,5,576367712,576408256,192.168.88.253,43692,191,,congestion_avoidance,
2037,262924.771332,204100,5,576648624,576689168,192.168.88.253,43692,192,,congestion_avoidance,
2038,262924.780777,204200,5,576930984,576972976,192.168.88.253,43692,190,,congestion_avoidance,
2039,262924.790177,204300,5,577211896,577252440,192.168.88.253,43692,192,,congestion_avoidance,
2040,262924.799622,204400,5,577494256,577534800,192.168.88.253,43692,192,,congestion_avoidance,
2041,262924.809174,204500,5,577779512,577821504,192.168.88.253,43692,194,,congestion_avoidance,
2042,262924.818666,204600,5,578063320,578103864,192.168.88.253,43692,188,,congestion_avoidance,
2043,262924.828164,204700,5,578347128,578387672,192.168.88.253,43692,187,,congestion_avoidance,
2044,262924.837663,204800,5,578630936,578671480,192.168.88.253,43692,237,,congestion_avoidance,
2045,262924.847106,204900,5,578913296,578953840,192.168.88.253,43692,184,,congestion_avoidance,
2046,262924.856458,205000,5,579192760,579233304,192.168.88.253,43692,155,,congestion_avoidance,
2047,262924.865949,205100,5,579476568,579518560,192.168.88.253,43692,188,,congestion_avoidance,
2048,262924.875355,205200,5,579757480,579798024,192.168.88.253,43692,193,,congestion_avoidance,
2049,262924.884697,205300,5,580036944,580077488,192.168.88.253,43692,188,,congestion_avoidance,
2050,262924.894143,205400,5,580319304,580359848,192.168.88.253,43692,192,,congestion_avoidance,
2051,262924.903543,205500,5,580600216,580640760,192.168.88.253,43692,189,,congestion_avoidance,
2052,262924.912938,205600,5,580881128,580921672,192.168.88.253,43692,240,,congestion_avoidance,
2053,262924.922388,205700,5,581163488,581204032,192.168.88.253,43692,192,,congestion_avoidance,
2054,262924.931701,205800,5,581441504,581484944,192.168.88.253,43692,246,,congestion_avoidance,
2055,262924.941189,205900,5,581725312,581765856,192.168.88.253,43692,193,,congestion_avoidance,
2056,262924.950500,206000,5,582003328,582043872,192.168.88.253,43692,200,,congestion_avoidance,
2057,262924.959983,206100,5,582287136,582327680,192.168.88.253,43692,191,,congestion_avoidance,
2058,262924.969436,206200,5,582569496,582610040,192.168.88.253,43692,194,,congestion_avoidance,
2059,262924.980761,206300,5,582851856,582892400,192.168.88.253,43692,189,,congestion_avoidance,
2060,262924.990158,206400,5,583132768,583173312,192.168.88.253,43692,239,,congestion_avoidance,
2061,262924.999650,206500,5,583416576,583457120,192.168.88.253,43692,190,,congestion_avoidance,
2062,262925.009099,206600,5,583698936,583739480,192.168.88.253,43692,192,,congestion_avoidance,
2063,262925.018641,206700,5,583984192,584024736,192.168.88.253,43692,241,,congestion_avoidance,
2064,262925.028186,206800,5,584269448,584309992,192.168.88.253,43692,193,,congestion_avoidance,
2065,262925.037683,206900,5,584553256,584593800,192.168.88.253,43692,193,,congestion_avoidance,
2066,262925.047132,207000,5,584835616,584876160,192.168.88.253,43692,193,,congestion_avoidance,
2067,262925.056532,207100,5,585116528,585157072,192.168.88.253,43692,192,,congestion_avoidance,
2068,262925.066041,207200,5,585400336,585440880,192.168.88.253,43692,170,,congestion_avoidance,
2069,262925.075543,207300,5,585684144,585724688,192.168.88.253,43692,184,,congestion_avoidance,
2070,262925.085083,207400,5,585969400,586009944,192.168.88.253,43692,195,,congestion_avoidance,
2071,262925.094692,207500,5,586256104,586296648,192.168.88.253,43692,206,,congestion_avoidance,
2072,262925.104170,207600,5,586539912,586580456,192.168.88.253,43692,188,,congestion_avoidance,
2073,262925.113665,207700,5,586823720,586864264,192.168.88.253,43692,187,,congestion_avoidance,
2074,262925.123214,207800,5,587108976,587149520,192.168.88.253,43692,192,,congestion_avoidance,
2075,262925.132684,207900,5,587391336,587434776,192.168.88.253,43692,257,,congestion_avoidance,
2076,262925.142157,208000,5,587675144,587715688,192.168.88.253,43692,190,,congestion_avoidance,
2077,262925.151661,208100,5,587958952,587999496,192.168.88.253,43692,161,,congestion_avoidance,
2078,262925.161086,208200,5,588239864,588281856,192.168.88.253,43692,217,,congestion_avoidance,
2079,262925.170477,208300,5,588520776,588561320,192.168.88.253,43692,214,,congestion_avoidance,
2080,262925.179759,208400,5,588798792,588839336,192.168.88.253,43692,178,,congestion_avoidance,
2081,262925.189204,208500,5,589081152,589123144,192.168.88.253,43692,188,,congestion_avoidance,
2082,262925.198672,208600,5,589363512,589404056,192.168.88.253,43692,208,,congestion_avoidance,
2083,262925.208183,208700,5,589647320,589687864,192.168.88.253,43692,203,,congestion_avoidance,
2084,262925.217597,208800,5,589929680,589971672,192.168.88.253,43692,188,,congestion_avoidance,
2085,262925.226997,208900,5,590210592,590251136,192.168.88.253,43692,193,,congestion_avoidance,
2086,262925.236395,209000,5,590491504,590533496,192.168.88.253,43692,193,,congestion_avoidance,
2087,262925.245747,209100,5,590770968,590811512,192.168.88.253,43692,190,,congestion_avoidance,
2088,262925.255046,209200,5,591048984,591089528,192.168.88.253,43692,202,,congestion_avoidance,
2089,262925.264447,209300,5,591329896,591370440,192.168.88.253,43692,178,,congestion_avoidance,
2090,262925.273754,209400,5,591607912,591648456,192.168.88.253,43692,196,,congestion_avoidance,
2091,262925.283196,209500,5,591890272,591930816,192.168.88.253,43692,185,,congestion_avoidance,
2092,262925.292644,209600,5,592172632,592213176,192.168.88.253,43692,192,,congestion_avoidance,
2093,262925.301996,209700,5,592452096,592492640,192.168.88.253,43692,194,,congestion_avoidance,
2094,262925.311394,209800,5,592733008,592775000,192.168.88.253,43692,190,,congestion_avoidance,
2095,262925.320792,209900,5,593013920,593054464,192.168.88.253,43692,193,,congestion_avoidance,
2096,262925.330239,210000,5,593296280,593336824,192.168.88.253,43692,190,,congestion_avoidance,
2097,262925.339735,210100,5,593580088,593620632,192.168.88.253,43692,192,,congestion_avoidance,
2098,262925.349134,210200,5,593861000,593901544,192.168.88.253,43692,193,,congestion_avoidance,
2099,262925.360529,210300,5,594141912,594183904,192.168.88.253,43692,189,,congestion_avoidance,
2100,262925.369975,210400,5,594424272,594464816,192.168.88.253,43692,180,,congestion_avoidance,
2101,262925.379321,210500,5,594703736,594744280,192.168.88.253,43692,191,,congestion_avoidance,
2102,262925.388725,210600,5,594984648,595025192,192.168.88.253,43692,243,,congestion_avoidance,
2103,262925.398069,210700,5,595264112,595304656,192.168.88.253,43692,194,,congestion_avoidance,
2104,262925.407512,210800,5,595545024,595587016,192.168.88.253,43692,230,,congestion_avoidance,
2105,262925.416964,210900,5,595828832,595869376,192.168.88.253,43692,189,,congestion_avoidance,
2106,262925.426415,211000,5,596111192,596151736,192.168.88.253,43692,192,,congestion_avoidance,
2107,262925.435809,211100,5,596392104,596432648,192.168.88.253,43692,191,,congestion_avoidance,
2108,262925.445258,211200,5,596674464,596715008,192.168.88.253,43692,189,,congestion_avoidance,
2109,262925.454705,211300,5,596956824,596997368,192.168.88.253,43692,193,,congestion_avoidance,
2110,262925.464201,211400,5,597240632,597281176,192.168.88.253,43692,193,,congestion_avoidance,
2111,262925.473696,211500,5,597524440,597564984,192.168.88.253,43692,191,,congestion_avoidance,
2112,262925.483046,211600,5,597803904,597844448,192.168.88.253,43692,194,,congestion_avoidance,
2113,262925.492545,211700,5,598087712,598128256,192.168.88.253,43692,182,,congestion_avoidance,
2114,262925.501990,211800,5,598370072,598410616,192.168.88.253,43692,194,,congestion_avoidance,
2115,262925.511345,211900,5,598649536,598690080,192.168.88.253,43692,208,,congestion_avoidance,
2116,262925.520787,212000,5,598931896,598973888,192.168.88.253,43692,193,,congestion_avoidance,
2117,262925.530285,212100,5,599215704,599256248,192.168.88.253,43692,191,,congestion_avoidance,
2118,262925.539778,212200,5,599499512,599540056,192.168.88.253,43692,192,,congestion_avoidance,
2119,262925.549277,212300,5,599783320,599823864,192.168.88.253,43692,243,,congestion_avoidance,
2120,262925.558771,212400,5,600067128,600107672,192.168.88.253,43692,193,,congestion_avoidance,
2121,262925.568122,212500,5,600346592,600387136,192.168.88.253,43692,188,,congestion_avoidance,
2122,262925.577614,212600,5,600630400,600672392,192.168.88.253,43692,189,,congestion_avoidance,
2123,262925.586968,212700,5,600909864,600950408,192.168.88.253,43692,193,,congestion_avoidance,
2124,262925.596417,212800,5,601192224,601232768,192.168.88.253,43692,191,,congestion_avoidance,
2125,262925.605910,212900,5,601476032,601516576,192.168.88.253,43692,193,,congestion_avoidance,
2126,262925.615358,213000,5,601758392,601798936,192.168.88.253,43692,193,,congestion_avoidance,
2127,262925.624754,213100,5,602039304,602081296,192.168.88.253,43692,190,,congestion_avoidance,
2128,262925.634160,213200,5,602320216,602360760,192.168.88.253,43692,192,,congestion_avoidance,
2129,262925.643560,213300,5,602601128,602641672,192.168.88.253,43692,189,,congestion_avoidance,
2130,262925.653102,213400,5,602886384,602926928,192.168.88.253,43692,245,,congestion_avoidance,
2131,262925.672009,213600,5,603451104,603491648,192.168.88.253,43692,177,,congestion_avoidance,
2132,262925.681598,213700,5,603737808,603778352,192.168.88.253,43692,153,,congestion_avoidance,
2133,262925.691035,213800,5,604020168,604063608,192.168.88.253,43692,197,,congestion_avoidance,
2134,262925.700589,213900,5,604305424,604345968,192.168.88.253,43692,193,,congestion_avoidance,
2135,262925.710042,214000,5,604587784,604628328,192.168.88.253,43692,198,,congestion_avoidance,
2136,262925.719490,214100,5,604870144,604910688,192.168.88.253,43692,235,,congestion_avoidance,
2137,262925.728933,214200,5,605152504,605193048,192.168.88.253,43692,189,,congestion_avoidance,
2138,262925.738428,214300,5,605436312,605476856,192.168.88.253,43692,194,,congestion_avoidance,
2139,262925.748446,214400,5,605725912,605766456,192.168.88.253,43692,192,,congestion_avoidance,
2140,262925.759127,214500,5,606021304,606064744,192.168.88.253,43692,113,,congestion_avoidance,
2141,262925.768600,214600,5,606306560,606347104,192.168.88.253,43692,191,,congestion_avoidance,
2142,262925.778140,214700,5,606591816,606632360,192.168.88.253,43692,189,,congestion_avoidance,
2143,262925.787598,214800,5,606874176,606914720,192.168.88.253,43692,242,,congestion_avoidance,
2144,262925.796941,214900,5,607153640,607194184,192.168.88.253,43692,193,,congestion_avoidance,
2145,262925.806301,215000,5,607433104,607476544,192.168.88.253,43692,248,,congestion_avoidance,
2146,262925.815790,215100,5,607716912,607757456,192.168.88.253,43692,192,,congestion_avoidance,
2147,262925.825185,215200,5,607997824,608038368,192.168.88.253,43692,191,,congestion_avoidance,
2148,262925.834583,215300,5,608278736,608320728,192.168.88.253,43692,190,,congestion_avoidance,
2149,262925.843980,215400,5,608559648,608600192,192.168.88.253,43692,192,,congestion_avoidance,
2150,262925.853388,215500,5,608840560,608881104,192.168.88.253,43692,201,,congestion_avoidance,
2151,262925.862869,215600,5,609124368,609167808,192.168.88.253,43692,193,,congestion_avoidance,
2152,262925.872385,215700,5,609408176,609448720,192.168.88.253,43692,204,,congestion_avoidance,
2153,262925.881725,215800,5,609687640,609728184,192.168.88.253,43692,190,,congestion_avoidance,
2154,262925.891172,215900,5,609970000,610010544,192.168.88.253,43692,192,,congestion_avoidance,
2155,262925.900524,216000,5,610249464,610290008,192.168.88.253,43692,187,,congestion_avoidance,
2156,262925.909883,216100,5,610528928,610569472,192.168.88.253,43692,244,,congestion_avoidance,
2157,262925.919377,216200,5,610812736,610853280,192.168.88.253,43692,197,,congestion_avoidance,
2158,262925.928966,216300,5,611099440,611139984,192.168.88.253,43692,186,,congestion_avoidance,
2159,262925.938557,216400,5,611386144,611426688,192.168.88.253,43692,197,,congestion_avoidance,
2160,262925.948006,216500,5,611668504,611709048,192.168.88.253,43692,192,,congestion_avoidance,
2161,262925.957462,216600,5,611950864,611992856,192.168.88.253,43692,193,,congestion_avoidance,
2162,262925.966805,216700,5,612230328,612270872,192.168.88.253,43692,193,,congestion_avoidance,
2163,262925.976397,216800,5,612517032,612557576,192.168.88.253,43692,191,,congestion_avoidance,
2164,262925.985895,216900,5,612800840,612841384,192.168.88.253,43692,193,,congestion_avoidance,
2165,262925.995442,217000,5,613086096,613126640,192.168.88.253,43692,195,,congestion_avoidance,
2166,262926.005332,217100,5,613371352,613411896,192.168.88.253,43692,117,,congestion_avoidance,
2167,262926.014722,217200,5,613655160,613695704,192.168.88.253,43692,189,,congestion_avoidance,
2168,262926.024218,217300,5,613938968,613980960,192.168.88.253,43692,196,,congestion_avoidance,
2169,262926.033614,217400,5,614219880,614260424,192.168.88.253,43692,188,,congestion_avoidance,
2170,262926.042967,217500,5,614499344,614539888,192.168.88.253,43692,194,,congestion_avoidance,
2171,262926.052518,217600,5,614784600,614825144,192.168.88.253,43692,186,,congestion_avoidance,
2172,262926.061918,217700,5,615065512,615106056,192.168.88.253,43692,192,,congestion_avoidance,
2173,262926.071375,217800,5,615347872,615389864,192.168.88.253,43692,205,,congestion_avoidance,
2174,262926.080853,217900,5,615631680,615672224,192.168.88.253,43692,187,,congestion_avoidance,
2175,262926.090493,218000,5,615919832,615960376,192.168.88.253,43692,191,,congestion_avoidance,
2176,262926.099893,218100,5,616200744,616241288,192.168.88.253,43692,191,,congestion_avoidance,
2177,262926.109387,218200,5,616484552,616525096,192.168.88.253,43692,192,,congestion_avoidance,
2178,262926.118843,218300,5,616766912,616807456,192.168.88.253,43692,196,,congestion_avoidance,
2179,262926.128294,218400,5,617049272,617089816,192.168.88.253,43692,198,,congestion_avoidance,
2180,262926.137930,218500,5,617337424,617377968,192.168.88.253,43692,195,,congestion_avoidance,
2181,262926.147573,218600,5,617625576,617666120,192.168.88.253,43692,189,,congestion_avoidance,
2182,262926.156973,218700,5,617906488,617947032,192.168.88.253,43692,236,,congestion_avoidance,
2183,262926.166425,218800,5,618188848,618229392,192.168.88.253,43692,196,,congestion_avoidance,
2184,262926.175919,218900,5,618472656,618513200,192.168.88.253,43692,192,,congestion_avoidance,
2185,262926.185463,219000,5,618757912,618798456,192.168.88.253,43692,240,,congestion_avoidance,
2186,262926.194819,219100,5,619037376,619077920,192.168.88.253,43692,193,,congestion_avoidance,
2187,262926.204163,219200,5,619316840,619360280,192.168.88.253,43692,240,,congestion_avoidance,
2188,262926.213658,219300,5,619600648,619641192,192.168.88.253,43692,191,,congestion_avoidance,
2189,262926.223008,219400,5,619880112,619920656,192.168.88.253,43692,193,,congestion_avoidance,
2190,262926.232409,219500,5,620161024,620201568,192.168.88.253,43692,192,,congestion_avoidance,
2191,262926.241815,219600,5,620441936,620482480,192.168.88.253,43692,199,,congestion_avoidance,
2192,262926.251109,219700,5,620719952,620760496,192.168.88.253,43692,241,,congestion_avoidance,
2193,262926.260704,219800,5,621006656,621048648,192.168.88.253,43692,185,,congestion_avoidance,
2194,262926.270098,219900,5,621287568,621328112,192.168.88.253,43692,193,,congestion_avoidance,
2195,262926.279597,220000,5,621571376,621611920,192.168.88.253,43692,176,,congestion_avoidance,
2196,262926.289042,220100,5,621853736,621894280,192.168.88.253,43692,192,,congestion_avoidance,
2197,262926.298443,220200,5,622134648,622175192,192.168.88.253,43692,188,,congestion_avoidance,
2198,262926.307896,220300,5,622417008,622459000,192.168.88.253,43692,198,,congestion_avoidance,
2199,262926.317288,220400,5,622697920,622738464,192.168.88.253,43692,191,,congestion_avoidance,
2200,262926.326689,220500,5,622978832,623019376,192.168.88.253,43692,190,,congestion_avoidance,
2201,262926.336191,220600,5,623262640,623303184,192.168.88.253,43692,249,,congestion_avoidance,
2202,262926.345729,220700,5,623547896,623588440,192.168.88.253,43692,192,,congestion_avoidance,
2203,262926.355079,220800,5,623827360,623867904,192.168.88.253,43692,245,,congestion_avoidance,
2204,262926.364668,220900,5,624114064,624156056,192.168.88.253,43692,188,,congestion_avoidance,
2205,262926.374069,221000,5,624394976,624435520,192.168.88.253,43692,190,,congestion_avoidance,
2206,262926.383557,221100,5,624677336,624719328,192.168.88.253,43692,228,,congestion_avoidance,
2207,262926.393059,221200,5,624962592,625003136,192.168.88.253,43692,190,,congestion_avoidance,
2208,262926.402555,221300,5,625246400,625286944,192.168.88.253,43692,191,,congestion_avoidance,
2209,262926.412049,221400,5,625528760,625570752,192.168.88.253,43692,239,,congestion_avoidance,
2210,262926.421358,221500,5,625808224,625848768,192.168.88.253,43692,193,,congestion_avoidance,
2211,262926.430805,221600,5,626090584,626131128,192.168.88.253,43692,193,,congestion_avoidance,
2212,262926.440253,221700,5,626372944,626413488,192.168.88.253,43692,199,,congestion_avoidance,
2213,262926.449645,221800,5,626653856,626694400,192.168.88.253,43692,182,,congestion_avoidance,
2214,262926.459144,221900,5,626937664,626979656,192.168.88.253,43692,195,,congestion_avoidance,
2215,262926.468592,222000,5,627220024,627260568,192.168.88.253,43692,191,,congestion_avoidance,
2216,262926.478334,222100,5,627511072,627551616,192.168.88.253,43692,200,,congestion_avoidance,
2217,262926.487841,222200,5,627793432,627835424,192.168.88.253,43692,158,,congestion_avoidance,
2218,262926.497755,222300,5,628091720,628132264,192.168.88.253,43692,243,,congestion_avoidance,
2219,262926.507203,222400,5,628374080,628414624,192.168.88.253,43692,193,,congestion_avoidance,
2220,262926.517115,222500,5,628657888,628695536,192.168.88.253,43692,607,,congestion_avoidance,
2221,262926.526708,222600,5,628944592,628985136,192.168.88.253,43692,189,,congestion_avoidance,
2222,262926.536215,222700,5,629228400,629268944,192.168.88.253,43692,203,,congestion_avoidance,
2223,262926.545652,222800,5,629510760,629551304,192.168.88.253,43692,193,,congestion_avoidance,
2224,262926.555814,222900,5,629797464,629839456,192.168.88.253,43692,191,,congestion_avoidance,
2225,262926.565776,223000,5,630089960,630131952,192.168.88.253,43692,120,,congestion_avoidance,
2226,262926.575033,223100,5,630370872,630411416,192.168.88.253,43692,190,,congestion_avoidance,
2227,262926.585613,223200,5,630660472,630701016,192.168.88.253,43692,115,,congestion_avoidance,
2228,262926.595286,223300,5,630945728,630986272,192.168.88.253,43692,252,,congestion_avoidance,
2229,262926.605025,223400,5,631232432,631272976,192.168.88.253,43692,186,,congestion_avoidance,
2230,262926.614424,223500,5,631513344,631553888,192.168.88.253,43692,194,,congestion_avoidance,
2231,262926.624644,223600,5,631804392,631846384,192.168.88.253,43692,187,,congestion_avoidance,
2232,262926.634748,223700,5,632091096,632131640,192.168.88.253,43692,191,,congestion_avoidance,
2233,262926.644859,223800,5,632377800,632418344,192.168.88.253,43692,190,,congestion_avoidance,
2234,262926.655642,223900,5,632670296,632710840,192.168.88.253,43692,184,,congestion_avoidance,
2235,262926.665091,224000,5,632952656,632996096,192.168.88.253,43692,206,,congestion_avoidance,
2236,262926.674445,224100,5,633232120,633272664,192.168.88.253,43692,192,,congestion_avoidance,
2237,262926.683992,224200,5,633517376,633557920,192.168.88.253,43692,193,,congestion_avoidance,
2238,262926.693557,224300,5,633802632,633844624,192.168.88.253,43692,208,,congestion_avoidance,
2239,262926.702983,224400,5,634084992,634125536,192.168.88.253,43692,189,,congestion_avoidance,
2240,262926.712529,224500,5,634370248,634410792,192.168.88.253,43692,188,,congestion_avoidance,
2241,262926.721931,224600,5,634651160,634691704,192.168.88.253,43692,180,,congestion_avoidance,
2242,262926.731322,224700,5,634932072,634972616,192.168.88.253,43692,190,,congestion_avoidance,
2243,262926.740824,224800,5,635215880,635256424,192.168.88.253,43692,193,,congestion_avoidance,
2244,262926.750221,224900,5,635496792,635537336,192.168.88.253,43692,193,,congestion_avoidance,
2245,262926.759670,225000,5,635779152,635819696,192.168.88.253,43692,190,,congestion_avoidance,
2246,262926.769071,225100,5,636060064,636100608,192.168.88.253,43692,246,,congestion_avoidance,
2247,262926.778469,225200,5,636340976,636381520,192.168.88.253,43692,189,,congestion_avoidance,
2248,262926.787867,225300,5,636621888,636662432,192.168.88.253,43692,193,,congestion_avoidance,
2249,262926.797351,225400,5,636905696,636949136,192.168.88.253,43692,195,,congestion_avoidance,
2250,262926.806867,225500,5,637189504,637230048,192.168.88.253,43692,196,,congestion_avoidance,
2251,262926.816261,225600,5,637470416,637510960,192.168.88.253,43692,210,,congestion_avoidance,
2252,262926.825707,225700,5,637752776,637794768,192.168.88.253,43692,190,,congestion_avoidance,
2253,262926.835160,225800,5,638035136,638075680,192.168.88.253,43692,190,,congestion_avoidance,
2254,262926.844596,225900,5,638316048,638359488,192.168.88.253,43692,280,,congestion_avoidance,
2255,262926.854097,226000,5,638601304,638643296,192.168.88.253,43692,188,,congestion_avoidance,
2256,262926.863592,226100,5,638885112,638925656,192.168.88.253,43692,188,,congestion_avoidance,
2257,262926.873093,226200,5,639168920,639209464,192.168.88.253,43692,198,,congestion_avoidance,
2258,262926.882588,226300,5,639452728,639494720,192.168.88.253,43692,190,,congestion_avoidance,
2259,262926.892090,226400,5,639736536,639777080,192.168.88.253,43692,197,,congestion_avoidance,
2260,262926.901539,226500,5,640018896,640059440,192.168.88.253,43692,200,,congestion_avoidance,
2261,262926.911032,226600,5,640302704,640344696,192.168.88.253,43692,189,,congestion_avoidance,
2262,262926.920529,226700,5,640586512,640627056,192.168.88.253,43692,191,,congestion_avoidance,
2263,262926.929880,226800,5,640865976,640906520,192.168.88.253,43692,238,,congestion_avoidance,
2264,262926.939337,226900,5,641148336,641188880,192.168.88.253,43692,149,,congestion_avoidance,
2265,262926.948725,227000,5,641429248,641469792,192.168.88.253,43692,192,,congestion_avoidance,
2266,262926.958226,227100,5,641713056,641755048,192.168.88.253,43692,195,,congestion_avoidance,
2267,262926.967623,227200,5,641993968,642034512,192.168.88.253,43692,194,,congestion_avoidance,
2268,262926.977068,227300,5,642276328,642316872,192.168.88.253,43692,192,,congestion_avoidance,
2269,262926.986525,227400,5,642558688,642599232,192.168.88.253,43692,193,,congestion_avoidance,
2270,262926.995919,227500,5,642839600,642880144,192.168.88.253,43692,177,,congestion_avoidance,
2271,262927.005314,227600,5,643120512,643161056,192.168.88.253,43692,179,,congestion_avoidance,
2272,262927.014706,227700,5,643401424,643441968,192.168.88.253,43692,187,,congestion_avoidance,
2273,262927.024259,227800,5,643686680,643727224,192.168.88.253,43692,189,,congestion_avoidance,
2274,262927.033753,227900,5,643970488,644011032,192.168.88.253,43692,186,,congestion_avoidance,
2275,262927.043199,228000,5,644252848,644294840,192.168.88.253,43692,192,,congestion_avoidance,
2276,262927.052696,228100,5,644536656,644577200,192.168.88.253,43692,191,,congestion_avoidance,
2277,262927.062098,228200,5,644817568,644861008,192.168.88.253,43692,244,,congestion_avoidance,
2278,262927.071543,228300,5,645099928,645140472,192.168.88.253,43692,191,,congestion_avoidance,
2279,262927.080989,228400,5,645382288,645422832,192.168.88.253,43692,189,,congestion_avoidance,
2280,262927.090484,228500,5,645666096,645706640,192.168.88.253,43692,191,,congestion_avoidance,
2281,262927.100027,228600,5,645951352,645993344,192.168.88.253,43692,177,,congestion_avoidance,
2282,262927.109621,228700,5,646238056,646278600,192.168.88.253,43692,184,,congestion_avoidance,
2283,262927.119217,228800,5,646524760,646565304,192.168.88.253,43692,196,,congestion_avoidance,
2284,262927.128625,228900,5,646805672,646849112,192.168.88.253,43692,209,,congestion_avoidance,
2285,262927.138064,229000,5,647088032,647128576,192.168.88.253,43692,188,,congestion_avoidance,
2286,262927.147564,229100,5,647371840,647412384,192.168.88.253,43692,189,,congestion_avoidance,
2287,262927.157118,229200,5,647657096,647700536,192.168.88.253,43692,205,,congestion_avoidance,
2288,262927.166607,229300,5,647940904,647981448,192.168.88.253,43692,189,,congestion_avoidance,
2289,262927.176007,229400,5,648221816,648262360,192.168.88.253,43692,203,,congestion_avoidance,
2290,262927.185507,229500,5,648505624,648547616,192.168.88.253,43692,191,,congestion_avoidance,
2291,262927.194942,229600,5,648787984,648828528,192.168.88.253,43692,189,,congestion_avoidance,
2292,262927.204358,229700,5,649068896,649109440,192.168.88.253,43692,261,,congestion_avoidance,
2293,262927.213885,229800,5,649354152,649396144,192.168.88.253,43692,185,,congestion_avoidance,
2294,262927.223385,229900,5,649637960,649678504,192.168.88.253,43692,194,,congestion_avoidance,
2295,262927.232835,230000,5,649920320,649960864,192.168.88.253,43692,196,,congestion_avoidance,
2296,262927.242271,230100,5,650202680,650246120,192.168.88.253,43692,200,,congestion_avoidance,
2297,262927.251729,230200,5,650485040,650525584,192.168.88.253,43692,191,,congestion_avoidance,
2298,262927.261223,230300,5,650768848,650809392,192.168.88.253,43692,192,,congestion_avoidance,
2299,262927.270719,230400,5,651052656,651093200,192.168.88.253,43692,231,,congestion_avoidance,
2300,262927.280263,230500,5,651337912,651378456,192.168.88.253,43692,193,,congestion_avoidance,
2301,262927.289662,230600,5,651618824,651659368,192.168.88.253,43692,190,,congestion_avoidance,
2302,262927.299110,230700,5,651901184,651941728,192.168.88.253,43692,240,,congestion_avoidance,
2303,262927.309095,230800,5,652186440,652226984,192.168.88.253,43692,196,,congestion_avoidance,
2304,262927.318567,230900,5,652470248,652510792,192.168.88.253,43692,186,,congestion_avoidance,
2305,262927.328065,231000,5,652754056,652794600,192.168.88.253,43692,220,,congestion_avoidance,
2306,262927.337825,231100,5,653045104,653085648,192.168.88.253,43692,218,,congestion_avoidance,
2307,262927.347299,231200,5,653328912,653369456,192.168.88.253,43692,189,,congestion_avoidance,
2308,262927.356747,231300,5,653611272,653651816,192.168.88.253,43692,195,,congestion_avoidance,
2309,262927.366244,231400,5,653895080,653935624,192.168.88.253,43692,191,,congestion_avoidance,
2310,262927.375740,231500,5,654178888,654219432,192.168.88.253,43692,194,,congestion_avoidance,
2311,262927.385235,231600,5,654462696,654504688,192.168.88.253,43692,187,,congestion_avoidance,
2312,262927.394686,231700,5,654745056,654785600,192.168.88.253,43692,192,,congestion_avoidance,
2313,262927.404176,231800,5,655028864,655069408,192.168.88.253,43692,187,,congestion_avoidance,
2314,262927.413627,231900,5,655311224,655353216,192.168.88.253,43692,182,,congestion_avoidance,
2315,262927.423124,232000,5,655595032,655635576,192.168.88.253,43692,188,,congestion_avoidance,
2316,262927.432617,232100,5,655878840,655919384,192.168.88.253,43692,193,,congestion_avoidance,
2317,262927.442109,232200,5,656162648,656203192,192.168.88.253,43692,193,,congestion_avoidance,
2318,262927.451557,232300,5,656445008,656485552,192.168.88.253,43692,189,,congestion_avoidance,
2319,262927.460906,232400,5,656724472,656765016,192.168.88.253,43692,191,,congestion_avoidance,
2320,262927.470260,232500,5,657003936,657044480,192.168.88.253,43692,246,,congestion_avoidance,
2321,262927.479657,232600,5,657284848,657325392,192.168.88.253,43692,193,,congestion_avoidance,
2322,262927.488999,232700,5,657562864,657606304,192.168.88.253,43692,282,,congestion_avoidance,
2323,262927.498457,232800,5,657846672,657887216,192.168.88.253,43692,188,,congestion_avoidance,
2324,262927.507804,232900,5,658126136,658166680,192.168.88.253,43692,191,,congestion_avoidance,
2325,262927.517452,233000,5,658412840,658454832,192.168.88.253,43692,139,,congestion_avoidance,
2326,262927.526892,233100,5,658696648,658737192,192.168.88.253,43692,192,,congestion_avoidance,
2327,262927.536352,233200,5,658979008,659019552,192.168.88.253,43692,203,,congestion_avoidance,
2328,262927.545694,233300,5,659258472,659300464,192.168.88.253,43692,193,,congestion_avoidance,
2329,262927.555041,233400,5,659537936,659578480,192.168.88.253,43692,192,,congestion_avoidance,
2330,262927.564536,233500,5,659821744,659862288,192.168.88.253,43692,188,,congestion_avoidance,
2331,262927.573940,233600,5,660102656,660143200,192.168.88.253,43692,247,,congestion_avoidance,
2332,262927.583577,233700,5,660390808,660431352,192.168.88.253,43692,188,,congestion_avoidance,
2333,262927.593120,233800,5,660676064,660716608,192.168.88.253,43692,194,,congestion_avoidance,
2334,262927.602520,233900,5,660956976,660997520,192.168.88.253,43692,182,,congestion_avoidance,
2335,262927.611919,234000,5,661237888,661278432,192.168.88.253,43692,194,,congestion_avoidance,
2336,262927.621368,234100,5,661520248,661560792,192.168.88.253,43692,193,,congestion_avoidance,
2337,262927.630815,234200,5,661802608,661843152,192.168.88.253,43692,239,,congestion_avoidance,
2338,262927.640372,234300,5,662087864,662128408,192.168.88.253,43692,191,,congestion_avoidance,
2339,262927.649819,234400,5,662370224,662412216,192.168.88.253,43692,190,,congestion_avoidance,
2340,262927.659264,234500,5,662652584,662693128,192.168.88.253,43692,193,,congestion_avoidance,
2341,262927.668706,234600,5,662933496,662976936,192.168.88.253,43692,279,,congestion_avoidance,
2342,262927.678160,234700,5,663217304,663257848,192.168.88.253,43692,189,,congestion_avoidance,
2343,262927.687605,234800,5,663499664,663540208,192.168.88.253,43692,192,,congestion_avoidance,
2344,262927.697119,234900,5,663782024,663825464,192.168.88.253,43692,278,,congestion_avoidance,
2345,262927.706523,235000,5,664064384,664104928,192.168.88.253,43692,191,,congestion_avoidance,
2346,262927.715875,235100,5,664343848,664384392,192.168.88.253,43692,192,,congestion_avoidance,
2347,262927.725232,235200,5,664623312,664663856,192.168.88.253,43692,245,,congestion_avoidance,
2348,262927.734677,235300,5,664905672,664946216,192.168.88.253,43692,186,,congestion_avoidance,
2349,262927.744122,235400,5,665188032,665228576,192.168.88.253,43692,192,,congestion_avoidance,
2350,262927.753521,235500,5,665468944,665510936,192.168.88.253,43692,194,,congestion_avoidance,
2351,262927.762974,235600,5,665751304,665791848,192.168.88.253,43692,201,,congestion_avoidance,
2352,262927.772407,235700,5,666032216,666075656,192.168.88.253,43692,280,,congestion_avoidance,
2353,262927.781812,235800,5,666314576,666355120,192.168.88.253,43692,194,,congestion_avoidance,
2354,262927.791425,235900,5,666601280,666641824,192.168.88.253,43692,202,,congestion_avoidance,
2355,262927.801300,236000,5,666889432,666929976,192.168.88.253,43692,120,,congestion_avoidance,
2356,262927.813417,236100,5,667181928,667222472,192.168.88.253,43692,218,,congestion_avoidance,
2357,262927.824735,236200,5,667475872,667517864,192.168.88.253,43692,191,,congestion_avoidance,
2358,262927.834160,236300,5,667756784,667797328,192.168.88.253,43692,191,,congestion_avoidance,
2359,262927.843484,236400,5,668036248,668076792,192.168.88.253,43692,189,,congestion_avoidance,
2360,262927.853028,236500,5,668321504,668362048,192.168.88.253,43692,193,,congestion_avoidance,
2361,262927.862525,236600,5,668605312,668645856,192.168.88.253,43692,190,,congestion_avoidance,
2362,262927.871959,236700,5,668886224,668926768,192.168.88.253,43692,228,,congestion_avoidance,
2363,262927.881375,236800,5,669168584,669209128,192.168.88.253,43692,198,,congestion_avoidance,
2364,262927.890773,236900,5,669449496,669490040,192.168.88.253,43692,193,,congestion_avoidance,
2365,262927.900170,237000,5,669730408,669770952,192.168.88.253,43692,210,,congestion_avoidance,
2366,262927.909766,237100,5,670017112,670057656,192.168.88.253,43692,189,,congestion_avoidance,
2367,262927.919258,237200,5,670300920,670341464,192.168.88.253,43692,190,,congestion_avoidance,
2368,262927.928753,237300,5,670584728,670625272,192.168.88.253,43692,192,,congestion_avoidance,
2369,262927.938250,237400,5,670868536,670909080,192.168.88.253,43692,196,,congestion_avoidance,
2370,262927.947645,237500,5,671149448,671189992,192.168.88.253,43692,189,,congestion_avoidance,
2371,262927.957095,237600,5,671431808,671472352,192.168.88.253,43692,193,,congestion_avoidance,
2372,262927.966639,237700,5,671717064,671757608,192.168.88.253,43692,190,,congestion_avoidance,
2373,262927.975987,237800,5,671996528,672037072,192.168.88.253,43692,191,,congestion_avoidance,
2374,262927.985395,237900,5,672277440,672317984,192.168.88.253,43692,249,,congestion_avoidance,
2375,262927.994890,238000,5,672561248,672601792,192.168.88.253,43692,194,,congestion_avoidance,
2376,262928.004254,238100,5,672840712,672881256,192.168.88.253,43692,204,,congestion_avoidance,
2377,262928.013673,238200,5,673123072,673166512,192.168.88.253,43692,190,,congestion_avoidance,
2378,262928.023088,238300,5,673403984,673444528,192.168.88.253,43692,191,,congestion_avoidance,
2379,262928.032526,238400,5,673684896,673726888,192.168.88.253,43692,231,,congestion_avoidance,
2380,262928.041981,238500,5,673968704,674009248,192.168.88.253,43692,193,,congestion_avoidance,
2381,262928.051335,238600,5,674248168,674288712,192.168.88.253,43692,196,,congestion_avoidance,
2382,262928.060779,238700,5,674530528,674571072,192.168.88.253,43692,190,,congestion_avoidance,
2383,262928.070325,238800,5,674815784,674856328,192.168.88.253,43692,191,,congestion_avoidance,
2384,262928.079826,238900,5,675099592,675140136,192.168.88.253,43692,200,,congestion_avoidance,
2385,262928.089218,239000,5,675380504,675421048,192.168.88.253,43692,191,,congestion_avoidance,
2386,262928.098771,239100,5,675665760,675706304,192.168.88.253,43692,188,,congestion_avoidance,
2387,262928.108173,239200,5,675946672,675987216,192.168.88.253,43692,179,,congestion_avoidance,
2388,262928.117604,239300,5,676227584,676269576,192.168.88.253,43692,225,,congestion_avoidance,
2389,262928.127056,239400,5,676511392,676551936,192.168.88.253,43692,192,,congestion_avoidance,
2390,262928.136511,239500,5,676793752,676834296,192.168.88.253,43692,192,,congestion_avoidance,
2391,262928.146005,239600,5,677077560,677118104,192.168.88.253,43692,192,,congestion_avoidance,
2392,262928.155647,239700,5,677365712,677406256,192.168.88.253,43692,194,,congestion_avoidance,
2393,262928.165142,239800,5,677649520,677690064,192.168.88.253,43692,193,,congestion_avoidance,
2394,262928.174637,239900,5,677933328,677973872,192.168.88.253,43692,190,,congestion_avoidance,
2395,262928.184181,240000,5,678218584,678260576,192.168.88.253,43692,187,,congestion_avoidance,
2396,262928.193588,240100,5,678499496,678540040,192.168.88.253,43692,193,,congestion_avoidance,
2397,262928.203076,240200,5,678783304,678823848,192.168.88.253,43692,192,,congestion_avoidance,
2398,262928.212574,240300,5,679067112,679109104,192.168.88.253,43692,189,,congestion_avoidance,
2399,262928.222024,240400,5,679349472,679390016,192.168.88.253,43692,192,,congestion_avoidance,
2400,262928.231380,240500,5,679628936,679669480,192.168.88.253,43692,198,,congestion_avoidance,
2401,262928.240821,240600,5,679911296,679951840,192.168.88.253,43692,192,,congestion_avoidance,
2402,262928.250272,240700,5,680193656,680234200,192.168.88.253,43692,190,,congestion_avoidance,
2403,262928.259669,240800,5,680474568,680515112,192.168.88.253,43692,184,,congestion_avoidance,
2404,262928.269019,240900,5,680754032,680794576,192.168.88.253,43692,193,,congestion_avoidance,
2405,262928.278365,241000,5,681032048,681075488,192.168.88.253,43692,286,,congestion_avoidance,
2406,262928.287818,241100,5,681315856,681356400,192.168.88.253,43692,191,,congestion_avoidance,
2407,262928.297268,241200,5,681598216,681638760,192.168.88.253,43692,197,,congestion_avoidance,
2408,262928.306717,241300,5,681880576,681921120,192.168.88.253,43692,192,,congestion_avoidance,
2409,262928.316160,241400,5,682162936,682203480,192.168.88.253,43692,191,,congestion_avoidance,
2410,262928.325557,241500,5,682443848,682484392,192.168.88.253,43692,188,,congestion_avoidance,
2411,262928.334967,241600,5,682724760,682765304,192.168.88.253,43692,192,,congestion_avoidance,
2412,262928.344413,241700,5,683007120,683047664,192.168.88.253,43692,190,,congestion_avoidance,
2413,262928.353858,241800,5,683289480,683330024,192.168.88.253,43692,192,,congestion_avoidance,
2414,262928.363356,241900,5,683573288,683613832,192.168.88.253,43692,190,,congestion_avoidance,
2415,262928.372844,242000,5,683857096,683897640,192.168.88.253,43692,192,,congestion_avoidance,
2416,262928.382293,242100,5,684139456,684180000,192.168.88.253,43692,194,,congestion_avoidance,
2417,262928.391788,242200,5,684423264,684463808,192.168.88.253,43692,190,,congestion_avoidance,
2418,262928.401287,242300,5,684707072,684747616,192.168.88.253,43692,194,,congestion_avoidance,
2419,262928.410779,242400,5,684990880,685031424,192.168.88.253,43692,193,,congestion_avoidance,
2420,262928.420277,242500,5,685274688,685315232,192.168.88.253,43692,193,,congestion_avoidance,
2421,262928.429721,242600,5,685557048,685597592,192.168.88.253,43692,193,,congestion_avoidance,
2422,262928.439120,242700,5,685837960,685878504,192.168.88.253,43692,193,,congestion_avoidance,
2423,262928.448520,242800,5,686118872,686159416,192.168.88.253,43692,190,,congestion_avoidance,
2424,262928.457918,242900,5,686399784,686440328,192.168.88.253,43692,195,,congestion_avoidance,
2425,262928.467421,243000,5,686683592,686724136,192.168.88.253,43692,188,,congestion_avoidance,
2426,262928.476865,243100,5,686965952,687006496,192.168.88.253,43692,236,,congestion_avoidance,
2427,262928.486406,243200,5,687251208,687291752,192.168.88.253,43692,190,,congestion_avoidance,
2428,262928.495805,243300,5,687532120,687572664,192.168.88.253,43692,191,,congestion_avoidance,
2429,262928.505252,243400,5,687814480,687855024,192.168.88.253,43692,243,,congestion_avoidance,
2430,262928.514800,243500,5,688099736,688140280,192.168.88.253,43692,196,,congestion_avoidance,
2431,262928.524195,243600,5,688380648,688421192,192.168.88.253,43692,193,,congestion_avoidance,
2432,262928.533643,243700,5,688663008,688703552,192.168.88.253,43692,240,,congestion_avoidance,
2433,262928.543041,243800,5,688943920,688984464,192.168.88.253,43692,192,,congestion_avoidance,
2434,262928.552489,243900,5,689226280,689266824,192.168.88.253,43692,189,,congestion_avoidance,
2435,262928.561976,244000,5,689510088,689553528,192.168.88.253,43692,197,,congestion_avoidance,
2436,262928.571481,244100,5,689793896,689834440,192.168.88.253,43692,188,,congestion_avoidance,
2437,262928.580874,244200,5,690073360,690113904,192.168.88.253,43692,285,,congestion_avoidance,
2438,262928.590282,244300,5,690355720,690396264,192.168.88.253,43692,192,,congestion_avoidance,
2439,262928.599681,244400,5,690636632,690677176,192.168.88.253,43692,191,,congestion_avoidance,
2440,262928.609078,244500,5,690917544,690958088,192.168.88.253,43692,192,,congestion_avoidance,
2441,262928.618525,244600,5,691199904,691240448,192.168.88.253,43692,191,,congestion_avoidance,
2442,262928.627882,244700,5,691479368,691519912,192.168.88.253,43692,195,,congestion_avoidance,
2443,262928.651472,244800,5,691771864,691813856,192.168.88.253,43692,167,,congestion_avoidance,
2444,262928.660824,244900,5,692052776,692093320,192.168.88.253,43692,215,,congestion_avoidance,
2445,262928.670148,245000,5,692332240,692372784,192.168.88.253,43692,192,,congestion_avoidance,
2446,262928.679601,245100,5,692614600,692655144,192.168.88.253,43692,234,,congestion_avoidance,
2447,262928.689096,245200,5,692898408,692938952,192.168.88.253,43692,183,,congestion_avoidance,
2448,262928.698595,245300,5,693182216,693222760,192.168.88.253,43692,186,,congestion_avoidance,
2449,262928.708093,245400,5,693466024,693506568,192.168.88.253,43692,241,,congestion_avoidance,
2450,262928.717684,245500,5,693752728,693793272,192.168.88.253,43692,185,,congestion_avoidance,
2451,262928.727081,245600,5,694033640,694074184,192.168.88.253,43692,187,,congestion_avoidance,
2452,262928.736482,245700,5,694314552,694355096,192.168.88.253,43692,234,,congestion_avoidance,
2453,262928.745974,245800,5,694598360,694638904,192.168.88.253,43692,192,,congestion_avoidance,
2454,262928.755427,245900,5,694880720,694921264,192.168.88.253,43692,192,,congestion_avoidance,
2455,262928.764817,246000,5,695161632,695205072,192.168.88.253,43692,202,,congestion_avoidance,
2456,262928.774273,246100,5,695443992,695484536,192.168.88.253,43692,194,,congestion_avoidance,
2457,262928.783720,246200,5,695726352,695766896,192.168.88.253,43692,188,,congestion_avoidance,
2458,262928.793202,246300,5,696010160,696053600,192.168.88.253,43692,191,,congestion_avoidance,
2459,262928.802760,246400,5,696295416,696335960,192.168.88.253,43692,192,,congestion_avoidance,
2460,262928.812260,246500,5,696579224,696619768,192.168.88.253,43692,199,,congestion_avoidance,
2461,262928.821656,246600,5,696860136,696900680,192.168.88.253,43692,240,,congestion_avoidance,
2462,262928.831109,246700,5,697142496,697183040,192.168.88.253,43692,191,,congestion_avoidance,
2463,262928.840604,246800,5,697426304,697466848,192.168.88.253,43692,192,,congestion_avoidance,
2464,262928.850010,246900,5,697707216,697750656,192.168.88.253,43692,213,,congestion_avoidance,
2465,262928.859458,247000,5,697989576,698030120,192.168.88.253,43692,195,,congestion_avoidance,
2466,262928.868898,247100,5,698271936,698312480,192.168.88.253,43692,192,,congestion_avoidance,
2467,262928.878402,247200,5,698555744,698599184,192.168.88.253,43692,214,,congestion_avoidance,
2468,262928.887786,247300,5,698836656,698877200,192.168.88.253,43692,192,,congestion_avoidance,
2469,262928.897139,247400,5,699116120,699156664,192.168.88.253,43692,189,,congestion_avoidance,
2470,262928.906634,247500,5,699399928,699440472,192.168.88.253,43692,188,,congestion_avoidance,
2471,262928.916033,247600,5,699680840,699721384,192.168.88.253,43692,187,,congestion_avoidance,
2472,262928.925436,247700,5,699961752,700002296,192.168.88.253,43692,242,,congestion_avoidance,
2473,262928.934880,247800,5,700244112,700284656,192.168.88.253,43692,193,,congestion_avoidance,
2474,262928.944237,247900,5,700523576,700564120,192.168.88.253,43692,179,,congestion_avoidance,
2475,262928.953628,248000,5,700804488,700845032,192.168.88.253,43692,191,,congestion_avoidance,
2476,262928.963076,248100,5,701086848,701127392,192.168.88.253,43692,179,,congestion_avoidance,
2477,262928.972524,248200,5,701369208,701409752,192.168.88.253,43692,183,,congestion_avoidance,
2478,262928.981973,248300,5,701651568,701692112,192.168.88.253,43692,194,,congestion_avoidance,
2479,262928.991321,248400,5,701931032,701971576,192.168.88.253,43692,193,,congestion_avoidance,
2480,262929.000719,248500,5,702211944,702252488,192.168.88.253,43692,236,,congestion_avoidance,
2481,262929.010072,248600,5,702491408,702531952,192.168.88.253,43692,193,,congestion_avoidance,
2482,262929.019473,248700,5,702772320,702812864,192.168.88.253,43692,193,,congestion_avoidance,
2483,262929.028964,248800,5,703056128,703096672,192.168.88.253,43692,193,,congestion_avoidance,
2484,262929.038513,248900,5,703341384,703381928,192.168.88.253,43692,194,,congestion_avoidance,
2485,262929.047911,249000,5,703622296,703664288,192.168.88.253,43692,190,,congestion_avoidance,
2486,262929.057316,249100,5,703903208,703943752,192.168.88.253,43692,201,,congestion_avoidance,
2487,262929.066757,249200,5,704185568,704226112,192.168.88.253,43692,192,,congestion_avoidance,
2488,262929.076110,249300,5,704465032,704505576,192.168.88.253,43692,245,,congestion_avoidance,
2489,262929.085551,249400,5,704747392,704787936,192.168.88.253,43692,191,,congestion_avoidance,
2490,262929.094921,249500,5,705026856,705067400,192.168.88.253,43692,259,,congestion_avoidance,
2491,262929.104488,249600,5,705313560,705357000,192.168.88.253,43692,197,,congestion_avoidance,
2492,262929.113989,249700,5,705597368,705637912,192.168.88.253,43692,191,,congestion_avoidance,
2493,262929.123393,249800,5,705878280,705918824,192.168.88.253,43692,196,,congestion_avoidance,
2494,262929.132842,249900,5,706160640,706202632,192.168.88.253,43692,191,,congestion_avoidance,
2495,262929.142243,250000,5,706441552,706482096,192.168.88.253,43692,193,,congestion_avoidance,
2496,262929.151787,250100,5,706726808,706768800,192.168.88.253,43692,192,,congestion_avoidance,
2497,262929.161233,250200,5,707009168,707049712,192.168.88.253,43692,195,,congestion_avoidance,
2498,262929.170731,250300,5,707292976,707333520,192.168.88.253,43692,191,,congestion_avoidance,
2499,262929.180178,250400,5,707575336,707615880,192.168.88.253,43692,190,,congestion_avoidance,
2500,262929.189675,250500,5,707859144,707899688,192.168.88.253,43692,192,,congestion_avoidance,
2501,262929.199119,250600,5,708141504,708182048,192.168.88.253,43692,189,,congestion_avoidance,
2502,262929.208622,250700,5,708425312,708465856,192.168.88.253,43692,184,,congestion_avoidance,
2503,262929.218170,250800,5,708710568,708751112,192.168.88.253,43692,192,,congestion_avoidance,
2504,262929.227661,250900,5,708994376,709034920,192.168.88.253,43692,191,,congestion_avoidance,
2505,262929.237111,251000,5,709276736,709317280,192.168.88.253,43692,191,,congestion_avoidance,
2506,262929.246607,251100,5,709560544,709601088,192.168.88.253,43692,191,,congestion_avoidance,
2507,262929.256150,251200,5,709845800,709887792,192.168.88.253,43692,192,,congestion_avoidance,
2508,262929.265647,251300,5,710129608,710170152,192.168.88.253,43692,191,,congestion_avoidance,
2509,262929.275144,251400,5,710413416,710453960,192.168.88.253,43692,192,,congestion_avoidance,
2510,262929.284739,251500,5,710700120,710740664,192.168.88.253,43692,241,,congestion_avoidance,
2511,262929.294280,251600,5,710985376,711025920,192.168.88.253,43692,197,,congestion_avoidance,
2512,262929.303772,251700,5,711269184,711309728,192.168.88.253,43692,192,,congestion_avoidance,
2513,262929.313278,251800,5,711552992,711594984,192.168.88.253,43692,199,,congestion_avoidance,
2514,262929.322769,251900,5,711836800,711877344,192.168.88.253,43692,193,,congestion_avoidance,
2515,262929.332119,252000,5,712116264,712156808,192.168.88.253,43692,150,,congestion_avoidance,
2516,262929.341569,252100,5,712398624,712439168,192.168.88.253,43692,188,,congestion_avoidance,
2517,262929.351806,252200,5,712685328,712725872,192.168.88.253,43692,271,,congestion_avoidance,
2518,262929.361318,252300,5,712970584,713011128,192.168.88.253,43692,245,,congestion_avoidance,
2519,262929.370851,252400,5,713255840,713296384,192.168.88.253,43692,190,,congestion_avoidance,
2520,262929.380336,252500,5,713538200,713580192,192.168.88.253,43692,227,,congestion_avoidance,
2521,262929.389746,252600,5,713820560,713861104,192.168.88.253,43692,190,,congestion_avoidance,
2522,262929.399098,252700,5,714100024,714140568,192.168.88.253,43692,188,,congestion_avoidance,
2523,262929.408499,252800,5,714380936,714421480,192.168.88.253,43692,244,,congestion_avoidance,
2524,262929.418042,252900,5,714666192,714706736,192.168.88.253,43692,196,,congestion_avoidance,
2525,262929.427537,253000,5,714950000,714990544,192.168.88.253,43692,190,,congestion_avoidance,
2526,262929.436934,253100,5,715230912,715271456,192.168.88.253,43692,241,,congestion_avoidance,
2527,262929.446414,253200,5,715513272,715553816,192.168.88.253,43692,227,,congestion_avoidance,
2528,262929.455878,253300,5,715797080,715837624,192.168.88.253,43692,190,,congestion_avoidance,
2529,262929.465375,253400,5,716080888,716121432,192.168.88.253,43692,182,,congestion_avoidance,
2530,262929.474772,253500,5,716361800,716402344,192.168.88.253,43692,194,,congestion_avoidance,
2531,262929.484169,253600,5,716642712,716683256,192.168.88.253,43692,191,,congestion_avoidance,
2532,262929.493570,253700,5,716923624,716965616,192.168.88.253,43692,189,,congestion_avoidance,
2533,262929.502974,253800,5,717204536,717245080,192.168.88.253,43692,193,,congestion_avoidance,
2534,262929.512371,253900,5,717485448,717525992,192.168.88.253,43692,193,,congestion_avoidance,
2535,262929.521915,254000,5,717770704,717811248,192.168.88.253,43692,194,,congestion_avoidance,
2536,262929.531220,254100,5,718048720,718089264,192.168.88.253,43692,190,,congestion_avoidance,
2537,262929.540660,254200,5,718331080,718371624,192.168.88.253,43692,191,,congestion_avoidance,
2538,262929.550008,254300,5,718610544,718651088,192.168.88.253,43692,175,,congestion_avoidance,
2539,262929.559507,254400,5,718894352,718934896,192.168.88.253,43692,187,,congestion_avoidance,
2540,262929.569960,254500,5,719186848,719227392,192.168.88.253,43692,193,,congestion_avoidance,
2541,262929.579359,254600,5,719467760,719508304,192.168.88.253,43692,193,,congestion_avoidance,
2542,262929.589051,254700,5,719754464,719795008,192.168.88.253,43692,197,,congestion_avoidance,
2543,262929.602901,254800,5,720041168,720083160,192.168.88.253,43692,229,,congestion_avoidance,
2544,262929.612315,254900,5,720323528,720364072,192.168.88.253,43692,192,,congestion_avoidance,
2545,262929.621759,255000,5,720605888,720646432,192.168.88.253,43692,191,,congestion_avoidance,
2546,262929.631211,255100,5,720888248,720928792,192.168.88.253,43692,192,,congestion_avoidance,
2547,262929.641589,255200,5,721177848,721218392,192.168.88.253,43692,122,,congestion_avoidance,
2548,262929.650976,255300,5,721461656,721502200,192.168.88.253,43692,191,,congestion_avoidance,
2549,262929.662916,255400,5,721749808,721790352,192.168.88.253,43692,185,,congestion_avoidance,
2550,262929.672481,255500,5,722035064,722075608,192.168.88.253,43692,238,,congestion_avoidance,
2551,262929.681982,255600,5,722318872,722359416,192.168.88.253,43692,212,,congestion_avoidance,
2552,262929.692596,255700,5,722611368,722651912,192.168.88.253,43692,127,,congestion_avoidance,
2553,262929.701800,255800,5,722892280,722932824,192.168.88.253,43692,193,,congestion_avoidance,
2554,262929.711299,255900,5,723176088,723216632,192.168.88.253,43692,194,,congestion_avoidance,
2555,262929.720694,256000,5,723457000,723497544,192.168.88.253,43692,185,,congestion_avoidance,
2556,262929.739641,256200,5,724023168,724063712,192.168.88.253,43692,194,,congestion_avoidance,
2557,262929.749036,256300,5,724304080,724344624,192.168.88.253,43692,169,,congestion_avoidance,
2558,262929.758582,256400,5,724589336,724629880,192.168.88.253,43692,189,,congestion_avoidance,
2559,262929.768079,256500,5,724873144,724913688,192.168.88.253,43692,182,,congestion_avoidance,
2560,262929.777523,256600,5,725155504,725196048,192.168.88.253,43692,189,,congestion_avoidance,
2561,262929.786973,256700,5,725437864,725478408,192.168.88.253,43692,184,,congestion_avoidance,
2562,262929.796334,256800,5,725717328,725757872,192.168.88.253,43692,199,,congestion_avoidance,
2563,262929.805768,256900,5,725999688,726040232,192.168.88.253,43692,190,,congestion_avoidance,
2564,262929.815217,257000,5,726282048,726322592,192.168.88.253,43692,193,,congestion_avoidance,
2565,262929.824713,257100,5,726565856,726606400,192.168.88.253,43692,190,,congestion_avoidance,
2566,262929.834203,257200,5,726849664,726890208,192.168.88.253,43692,191,,congestion_avoidance,
2567,262929.844553,257300,5,727136368,727176912,192.168.88.253,43692,184,,congestion_avoidance,
2568,262929.858203,257400,5,727427416,727467960,192.168.88.253,43692,189,,congestion_avoidance,
2569,262929.876277,257500,5,727724256,727764800,192.168.88.253,43692,194,,congestion_avoidance,
2570,262929.886063,257600,5,728016752,728057296,192.168.88.253,43692,206,,congestion_avoidance,
2571,262929.895552,257700,5,728300560,728342552,192.168.88.253,43692,186,,congestion_avoidance,
2572,262929.904906,257800,5,728580024,728620568,192.168.88.253,43692,186,,congestion_avoidance,
2573,262929.914304,257900,5,728860936,728901480,192.168.88.253,43692,195,,congestion_avoidance,
2574,262929.923754,258000,5,729143296,729183840,192.168.88.253,43692,189,,congestion_avoidance,
2575,262929.933251,258100,5,729427104,729467648,192.168.88.253,43692,191,,congestion_avoidance,
2576,262929.942743,258200,5,729710912,729751456,192.168.88.253,43692,193,,congestion_avoidance,
2577,262929.952289,258300,5,729996168,730036712,192.168.88.253,43692,195,,congestion_avoidance,
2578,262929.961685,258400,5,730277080,730317624,192.168.88.253,43692,192,,congestion_avoidance,
2579,262929.971085,258500,5,730557992,730598536,192.168.88.253,43692,244,,congestion_avoidance,
2580,262929.980530,258600,5,730840352,730880896,192.168.88.253,43692,161,,congestion_avoidance,
2581,262929.989929,258700,5,731121264,731161808,192.168.88.253,43692,182,,congestion_avoidance,
2582,262929.999398,258800,5,731403624,731447064,192.168.88.253,43692,224,,congestion_avoidance,
2583,262930.001911,258826,5,731478920,731520912,192.168.88.253,43692,202,,loss_recovery,
2584,262930.002195,258829,3,731486160,731528152,192.168.88.253,43692,98,,congestion_avoidance,
2585,262930.008875,258900,5,731687432,731730872,192.168.88.253,43692,192,,congestion_avoidance,
2586,262930.018327,259000,5,731969792,732013232,192.168.88.253,43692,190,,congestion_avoidance,
2587,262930.027754,259100,5,732252152,732298488,192.168.88.253,43692,188,,congestion_avoidance,
2588,262930.037316,259200,5,732537408,732580848,192.168.88.253,43692,194,,congestion_avoidance,
2589,262930.046678,259300,5,732816872,732860312,192.168.88.253,43692,255,,congestion_avoidance,
2590,262930.056168,259400,5,733100680,733145568,192.168.88.253,43692,193,,congestion_avoidance,
2591,262930.065662,259500,5,733384488,733427928,192.168.88.253,43692,189,,congestion_avoidance,
2592,262930.075053,259600,5,733663952,733710288,192.168.88.253,43692,280,,congestion_avoidance,
2593,262930.084415,259700,5,733944864,733988304,192.168.88.253,43692,179,,congestion_avoidance,
2594,262930.093764,259800,5,734224328,734267768,192.168.88.253,43692,192,,congestion_avoidance,
2595,262930.103106,259900,5,734503792,734550128,192.168.88.253,43692,198,,congestion_avoidance,
2596,262930.112467,260000,5,734783256,734826696,192.168.88.253,43692,190,,congestion_avoidance,
2597,262930.122223,260100,5,735068512,735111952,192.168.88.253,43692,257,,congestion_avoidance,
2598,262930.131768,260200,5,735353768,735398656,192.168.88.253,43692,197,,congestion_avoidance,
2599,262930.141211,260300,5,735636128,735679568,192.168.88.253,43692,193,,congestion_avoidance,
2600,262930.150642,260400,5,735917040,735961928,192.168.88.253,43692,224,,congestion_avoidance,
2601,262930.160059,260500,5,736199400,736242840,192.168.88.253,43692,183,,congestion_avoidance,
2602,262930.169366,260600,5,736477416,736520856,192.168.88.253,43692,190,,congestion_avoidance,
2603,262930.178872,260700,5,736761224,736804664,192.168.88.253,43692,247,,congestion_avoidance,
2604,262930.188463,260800,5,737047928,737091368,192.168.88.253,43692,195,,congestion_avoidance,
2605,262930.197756,260900,5,737325944,737369384,192.168.88.253,43692,236,,congestion_avoidance,
2606,262930.207207,261000,5,737608304,737651744,192.168.88.253,43692,191,,congestion_avoidance,
2607,262930.216601,261100,5,737889216,737932656,192.168.88.253,43692,186,,congestion_avoidance,
2608,262930.226051,261200,5,738171576,738215016,192.168.88.253,43692,196,,congestion_avoidance,
2609,262930.235598,261300,5,738456832,738500272,192.168.88.253,43692,194,,congestion_avoidance,
2610,262930.245089,261400,5,738740640,738784080,192.168.88.253,43692,192,,congestion_avoidance,
2611,262930.254537,261500,5,739023000,739066440,192.168.88.253,43692,188,,congestion_avoidance,
2612,262930.263984,261600,5,739305360,739348800,192.168.88.253,43692,193,,congestion_avoidance,
2613,262930.273286,261700,5,739583376,739626816,192.168.88.253,43692,190,,congestion_avoidance,
2614,262930.282678,261800,5,739864288,739910624,192.168.88.253,43692,196,,congestion_avoidance,
2615,262930.292083,261900,5,740145200,740188640,192.168.88.253,43692,190,,congestion_avoidance,
2616,262930.301520,262000,5,740426112,740471000,192.168.88.253,43692,226,,congestion_avoidance,
2617,262930.310838,262100,5,740705576,740749016,192.168.88.253,43692,199,,congestion_avoidance,
2618,262930.320184,262200,5,740985040,741028480,192.168.88.253,43692,193,,congestion_avoidance,
2619,262930.329584,262300,5,741265952,741310840,192.168.88.253,43692,194,,congestion_avoidance,
2620,262930.338978,262400,5,741546864,741590304,192.168.88.253,43692,194,,congestion_avoidance,
2621,262930.348414,262500,5,741826328,741871216,192.168.88.253,43692,278,,congestion_avoidance,
2622,262930.357823,262600,5,742110136,742153576,192.168.88.253,43692,192,,congestion_avoidance,
2623,262930.367129,262700,5,742388152,742431592,192.168.88.253,43692,185,,congestion_avoidance,
2624,262930.376721,262800,5,742674856,742718296,192.168.88.253,43692,241,,congestion_avoidance,
2625,262930.386216,262900,5,742958664,743002104,192.168.88.253,43692,193,,congestion_avoidance,
2626,262930.395613,263000,5,743239576,743283016,192.168.88.253,43692,198,,congestion_avoidance,
2627,262930.405105,263100,5,743523384,743568272,192.168.88.253,43692,188,,congestion_avoidance,
2628,262930.414463,263200,5,743802848,743846288,192.168.88.253,43692,189,,congestion_avoidance,
2629,262930.423819,263300,5,744082312,744125752,192.168.88.253,43692,199,,congestion_avoidance,
2630,262930.433261,263400,5,744364672,744408112,192.168.88.253,43692,195,,congestion_avoidance,
2631,262930.442560,263500,5,744642688,744686128,192.168.88.253,43692,189,,congestion_avoidance,
2632,262930.452004,263600,5,744925048,744969936,192.168.88.253,43692,181,,congestion_avoidance,
2633,262930.461366,263700,5,745204512,745247952,192.168.88.253,43692,202,,congestion_avoidance,
2634,262930.470754,263800,5,745485424,745530312,192.168.88.253,43692,186,,congestion_avoidance,
2635,262930.480210,263900,5,745767784,745811224,192.168.88.253,43692,198,,congestion_avoidance,
2636,262930.489612,264000,5,746048696,746092136,192.168.88.253,43692,162,,congestion_avoidance,
2637,262930.500963,264100,5,746339744,746386080,192.168.88.253,43692,268,,congestion_avoidance,
2638,262930.511311,264200,5,746627896,746674232,192.168.88.253,43692,171,,congestion_avoidance,
2639,262930.520865,264300,5,746913152,746956592,192.168.88.253,43692,194,,congestion_avoidance,
2640,262930.530358,264400,5,747196960,747240400,192.168.88.253,43692,195,,congestion_avoidance,
2641,262930.539876,264500,5,747480768,747524208,192.168.88.253,43692,219,,congestion_avoidance,
2642,262930.549325,264600,5,747763128,747806568,192.168.88.253,43692,214,,congestion_avoidance,
2643,262930.558805,264700,5,748046936,748090376,192.168.88.253,43692,192,,congestion_avoidance,
2644,262930.568303,264800,5,748330744,748375632,192.168.88.253,43692,188,,congestion_avoidance,
2645,262930.577803,264900,5,748614552,748657992,192.168.88.253,43692,199,,congestion_avoidance,
2646,262930.587199,265000,5,748895464,748938904,192.168.88.253,43692,196,,congestion_avoidance,
2647,262930.596593,265100,5,749176376,749219816,192.168.88.253,43692,238,,congestion_avoidance,
2648,262930.605999,265200,5,749457288,749500728,192.168.88.253,43692,199,,congestion_avoidance,
2649,262930.615393,265300,5,749738200,749781640,192.168.88.253,43692,187,,congestion_avoidance,
2650,262930.624888,265400,5,750022008,750068344,192.168.88.253,43692,202,,congestion_avoidance,
2651,262930.634438,265500,5,750307264,750350704,192.168.88.253,43692,195,,congestion_avoidance,
2652,262930.643985,265600,5,750592520,750635960,192.168.88.253,43692,188,,congestion_avoidance,
2653,262930.653436,265700,5,750874880,750918320,192.168.88.253,43692,248,,congestion_avoidance,
2654,262930.662886,265800,5,751157240,751200680,192.168.88.253,43692,193,,congestion_avoidance,
2655,262930.672342,265900,5,751439600,751483040,192.168.88.253,43692,183,,congestion_avoidance,
2656,262930.681735,266000,5,751720512,751765400,192.168.88.253,43692,190,,congestion_avoidance,
2657,262930.691133,266100,5,752001424,752044864,192.168.88.253,43692,192,,congestion_avoidance,
2658,262930.700578,266200,5,752283784,752327224,192.168.88.253,43692,191,,congestion_avoidance,
2659,262930.710124,266300,5,752569040,752613928,192.168.88.253,43692,191,,congestion_avoidance,
2660,262930.719625,266400,5,752852848,752896288,192.168.88.253,43692,192,,congestion_avoidance,
2661,262930.728975,266500,5,753132312,753177200,192.168.88.253,43692,192,,congestion_avoidance,
2662,262930.738423,266600,5,753414672,753458112,192.168.88.253,43692,192,,congestion_avoidance,
2663,262930.747774,266700,5,753694136,753737576,192.168.88.253,43692,193,,congestion_avoidance,
2664,262930.757175,266800,5,753975048,754018488,192.168.88.253,43692,242,,congestion_avoidance,
2665,262930.766527,266900,5,754254512,754297952,192.168.88.253,43692,185,,congestion_avoidance,
2666,262930.775976,267000,5,754536872,754580312,192.168.88.253,43692,246,,congestion_avoidance,
2667,262930.785371,267100,5,754817784,754861224,192.168.88.253,43692,192,,congestion_avoidance,
2668,262930.794720,267200,5,755097248,755140688,192.168.88.253,43692,192,,congestion_avoidance,
2669,262930.804176,267300,5,755379608,755423048,192.168.88.253,43692,244,,congestion_avoidance,
2670,262930.813712,267400,5,755664864,755708304,192.168.88.253,43692,193,,congestion_avoidance,
2671,262930.823162,267500,5,755947224,755990664,192.168.88.253,43692,195,,congestion_avoidance,
2672,262930.832565,267600,5,756228136,756274472,192.168.88.253,43692,213,,congestion_avoidance,
2673,262930.842056,267700,5,756511944,756555384,192.168.88.253,43692,193,,congestion_avoidance,
2674,262930.851551,267800,5,756795752,756839192,192.168.88.253,43692,191,,congestion_avoidance,
2675,262930.860945,267900,5,757076664,757121552,192.168.88.253,43692,190,,congestion_avoidance,
2676,262930.870448,268000,5,757360472,757403912,192.168.88.253,43692,195,,congestion_avoidance,
2677,262930.879794,268100,5,757639936,757683376,192.168.88.253,43692,189,,congestion_avoidance,
2678,262930.889592,268200,5,757923744,757967184,192.168.88.253,43692,186,,congestion_avoidance,
2679,262930.899090,268300,5,758207552,758252440,192.168.88.253,43692,194,,congestion_avoidance,
2680,262930.908535,268400,5,758489912,758533352,192.168.88.253,43692,166,,congestion_avoidance,
2681,262930.918080,268500,5,758775168,758818608,192.168.88.253,43692,190,,congestion_avoidance,
2682,262930.927526,268600,5,759057528,759100968,192.168.88.253,43692,190,,congestion_avoidance,
2683,262930.936976,268700,5,759339888,759383328,192.168.88.253,43692,188,,congestion_avoidance,
2684,262930.946459,268800,5,759622248,759665688,192.168.88.253,43692,213,,congestion_avoidance,
2685,262930.955825,268900,5,759903160,759946600,192.168.88.253,43692,201,,congestion_avoidance,
2686,262930.965264,269000,5,760185520,760228960,192.168.88.253,43692,194,,congestion_avoidance,
2687,262930.974763,269100,5,760469328,760512768,192.168.88.253,43692,193,,congestion_avoidance,
2688,262930.984215,269200,5,760751688,760795128,192.168.88.253,43692,201,,congestion_avoidance,
2689,262930.993751,269300,5,761036944,761080384,192.168.88.253,43692,193,,congestion_avoidance,
2690,262931.003106,269400,5,761316408,761359848,192.168.88.253,43692,247,,congestion_avoidance,
2691,262931.012601,269500,5,761600216,761643656,192.168.88.253,43692,195,,congestion_avoidance,
2692,262931.021946,269600,5,761879680,761923120,192.168.88.253,43692,208,,congestion_avoidance,
2693,262931.031392,269700,5,762162040,762206928,192.168.88.253,43692,193,,congestion_avoidance,
2694,262931.040840,269800,5,762444400,762487840,192.168.88.253,43692,186,,congestion_avoidance,
2695,262931.050240,269900,5,762725312,762768752,192.168.88.253,43692,192,,congestion_avoidance,
2696,262931.059839,270000,5,763010568,763054008,192.168.88.253,43692,244,,congestion_avoidance,
2697,262931.069181,270100,5,763291480,763334920,192.168.88.253,43692,194,,congestion_avoidance,
2698,262931.078673,270200,5,763575288,763618728,192.168.88.253,43692,187,,congestion_avoidance,
2699,262931.088127,270300,5,763857648,763901088,192.168.88.253,43692,177,,congestion_avoidance,
2700,262931.097572,270400,5,764140008,764183448,192.168.88.253,43692,188,,congestion_avoidance,
2701,262931.106991,270500,5,764420920,764464360,192.168.88.253,43692,223,,congestion_avoidance,
2702,262931.116427,270600,5,764703280,764746720,192.168.88.253,43692,186,,congestion_avoidance,
2703,262931.125765,270700,5,764982744,765026184,192.168.88.253,43692,186,,congestion_avoidance,
2704,262931.135234,270800,5,765266552,765312888,192.168.88.253,43692,174,,congestion_avoidance,
2705,262931.144667,270900,5,765547464,765590904,192.168.88.253,43692,174,,congestion_avoidance,
2706,262931.154090,271000,5,765828376,765871816,192.168.88.253,43692,216,,congestion_avoidance,
2707,262931.163619,271100,5,766113632,766157072,192.168.88.253,43692,187,,congestion_avoidance,
2708,262931.173117,271200,5,766397440,766440880,192.168.88.253,43692,193,,congestion_avoidance,
2709,262931.182591,271300,5,766679800,766726136,192.168.88.253,43692,270,,congestion_avoidance,
2710,262931.192104,271400,5,766965056,767008496,192.168.88.253,43692,191,,congestion_avoidance,
2711,262931.201968,271500,5,767248864,767292304,192.168.88.253,43692,157,,congestion_avoidance,
2712,262931.211662,271600,5,767537016,767581904,192.168.88.253,43692,162,,congestion_avoidance,
2713,262931.221008,271700,5,767817928,767861368,192.168.88.253,43692,185,,congestion_avoidance,
2714,262931.230456,271800,5,768100288,768143728,192.168.88.253,43692,188,,congestion_avoidance,
2715,262931.239948,271900,5,768384096,768427536,192.168.88.253,43692,179,,congestion_avoidance,
2716,262931.258896,272100,5,768950264,768993704,192.168.88.253,43692,193,,congestion_avoidance,
2717,262931.268291,272200,5,769231176,769274616,192.168.88.253,43692,190,,congestion_avoidance,
2718,262931.278028,272300,5,769522224,769565664,192.168.88.253,43692,192,,congestion_avoidance,
2719,262931.287332,272400,5,769800240,769843680,192.168.88.253,43692,194,,congestion_avoidance,
2720,262931.296779,272500,5,770082600,770126040,192.168.88.253,43692,241,,congestion_avoidance,
2721,262931.306179,272600,5,770363512,770406952,192.168.88.253,43692,195,,congestion_avoidance,
2722,262931.315577,272700,5,770644424,770687864,192.168.88.253,43692,203,,congestion_avoidance,
2723,262931.325117,272800,5,770929680,770974568,192.168.88.253,43692,170,,congestion_avoidance,
2724,262931.334660,272900,5,771214936,771258376,192.168.88.253,43692,185,,congestion_avoidance,
2725,262931.344023,273000,5,771494400,771537840,192.168.88.253,43692,250,,congestion_avoidance,
2726,262931.353421,273100,5,771775312,771818752,192.168.88.253,43692,191,,congestion_avoidance,
2727,262931.362862,273200,5,772057672,772101112,192.168.88.253,43692,188,,congestion_avoidance,
2728,262931.372406,273300,5,772342928,772386368,192.168.88.253,43692,178,,congestion_avoidance,
2729,262931.381854,273400,5,772625288,772668728,192.168.88.253,43692,195,,congestion_avoidance,
2730,262931.391253,273500,5,772906200,772949640,192.168.88.253,43692,192,,congestion_avoidance,
2731,262931.400745,273600,5,773190008,773233448,192.168.88.253,43692,190,,congestion_avoidance,
2732,262931.410097,273700,5,773469472,773512912,192.168.88.253,43692,190,,congestion_avoidance,
2733,262931.419544,273800,5,773751832,773796720,192.168.88.253,43692,168,,congestion_avoidance,
2734,262931.428848,273900,5,774029848,774073288,192.168.88.253,43692,192,,congestion_avoidance,
2735,262931.438391,274000,5,774315104,774359992,192.168.88.253,43692,195,,congestion_avoidance,
2736,262931.447887,274100,5,774598912,774642352,192.168.88.253,43692,161,,congestion_avoidance,
2737,262931.457212,274200,5,774876928,774920368,192.168.88.253,43692,215,,congestion_avoidance,
2738,262931.466702,274300,5,775160736,775204176,192.168.88.253,43692,236,,congestion_avoidance,
2739,262931.476329,274400,5,775448888,775492328,192.168.88.253,43692,193,,congestion_avoidance,
2740,262931.485678,274500,5,775728352,775771792,192.168.88.253,43692,173,,congestion_avoidance,
2741,262931.495117,274600,5,776010712,776057048,192.168.88.253,43692,200,,congestion_avoidance,
2742,262931.504673,274700,5,776295968,776339408,192.168.88.253,43692,197,,congestion_avoidance,
2743,262931.514473,274800,5,776582672,776626112,192.168.88.253,43692,192,,congestion_avoidance,
2744,262931.523921,274900,5,776865032,776908472,192.168.88.253,43692,186,,congestion_avoidance,
2745,262931.533270,275000,5,777144496,777187936,192.168.88.253,43692,189,,congestion_avoidance,
2746,262931.542763,275100,5,777428304,777471744,192.168.88.253,43692,184,,congestion_avoidance,
2747,262931.552226,275200,5,777710664,777755552,192.168.88.253,43692,207,,congestion_avoidance,
2748,262931.561661,275300,5,777993024,778036464,192.168.88.253,43692,196,,congestion_avoidance,
2749,262931.571009,275400,5,778272488,778315928,192.168.88.253,43692,189,,congestion_avoidance,
2750,262931.580413,275500,5,778553400,778596840,192.168.88.253,43692,145,,congestion_avoidance,
2751,262931.589813,275600,5,778834312,778877752,192.168.88.253,43692,190,,congestion_avoidance,
2752,262931.599257,275700,5,779116672,779160112,192.168.88.253,43692,193,,congestion_avoidance,
2753,262931.608924,275800,5,779401928,779445368,192.168.88.253,43692,133,,congestion_avoidance,
2754,262931.618147,275900,5,779681392,779724832,192.168.88.253,43692,190,,congestion_avoidance,
2755,262931.627547,276000,5,779962304,780007192,192.168.88.253,43692,186,,congestion_avoidance,
2756,262931.636905,276100,5,780241768,780285208,192.168.88.253,43692,198,,congestion_avoidance,
2757,262931.646309,276200,5,780522680,780567568,192.168.88.253,43692,196,,congestion_avoidance,
2758,262931.655710,276300,5,780803592,780847032,192.168.88.253,43692,192,,congestion_avoidance,
2759,262931.665063,276400,5,781083056,781126496,192.168.88.253,43692,190,,congestion_avoidance,
2760,262931.674561,276500,5,781366864,781410304,192.168.88.253,43692,246,,congestion_avoidance,
2761,262931.684056,276600,5,781650672,781694112,192.168.88.253,43692,194,,congestion_avoidance,
2762,262931.693409,276700,5,781930136,781973576,192.168.88.253,43692,191,,congestion_avoidance,
2763,262931.702850,276800,5,782212496,782257384,192.168.88.253,43692,192,,congestion_avoidance,
2764,262931.712360,276900,5,782496304,782539744,192.168.88.253,43692,205,,congestion_avoidance,
2765,262931.721754,277000,5,782777216,782820656,192.168.88.253,43692,194,,congestion_avoidance,
2766,262931.731248,277100,5,783061024,783105912,192.168.88.253,43692,192,,congestion_avoidance,
2767,262931.740649,277200,5,783341936,783385376,192.168.88.253,43692,191,,congestion_avoidance,
2768,262931.750003,277300,5,783621400,783666288,192.168.88.253,43692,196,,congestion_avoidance,
2769,262931.759351,277400,5,783900864,783944304,192.168.88.253,43692,198,,congestion_avoidance,
2770,262931.768700,277500,5,784180328,784223768,192.168.88.253,43692,193,,congestion_avoidance,
2771,262931.778257,277600,5,784465584,784509024,192.168.88.253,43692,219,,congestion_avoidance,
2772,262931.787646,277700,5,784746496,784789936,192.168.88.253,43692,193,,congestion_avoidance,
2773,262931.797076,277800,5,785027408,785072296,192.168.88.253,43692,226,,congestion_avoidance,
2774,262931.806447,277900,5,785308320,785351760,192.168.88.253,43692,190,,congestion_avoidance,
2775,262931.815887,278000,5,785590680,785634120,192.168.88.253,43692,187,,congestion_avoidance,
2776,262931.825338,278100,5,785873040,785917928,192.168.88.253,43692,192,,congestion_avoidance,
2777,262931.834734,278200,5,786153952,786197392,192.168.88.253,43692,186,,congestion_avoidance,
2778,262931.844084,278300,5,786433416,786476856,192.168.88.253,43692,169,,congestion_avoidance,
2779,262931.853523,278400,5,786715776,786760664,192.168.88.253,43692,186,,congestion_avoidance,
2780,262931.862923,278500,5,786996688,787040128,192.168.88.253,43692,193,,congestion_avoidance,
2781,262931.872378,278600,5,787279048,787322488,192.168.88.253,43692,190,,congestion_avoidance,
2782,262931.881867,278700,5,787562856,787607744,192.168.88.253,43692,151,,congestion_avoidance,
2783,262931.891496,278800,5,787848112,787891552,192.168.88.253,43692,278,,congestion_avoidance,
2784,262931.901209,278900,5,788134816,788178256,192.168.88.253,43692,124,,congestion_avoidance,
2785,262931.910964,279000,5,788421520,788464960,192.168.88.253,43692,240,,congestion_avoidance,
2786,262931.920455,279100,5,788705328,788748768,192.168.88.253,43692,191,,congestion_avoidance,
2787,262931.930407,279200,5,788993480,789036920,192.168.88.253,43692,192,,congestion_avoidance,
2788,262931.939902,279300,5,789275840,789319280,192.168.88.253,43692,238,,congestion_avoidance,
2789,262931.949305,279400,5,789558200,789601640,192.168.88.253,43692,189,,congestion_avoidance,
2790,262931.958612,279500,5,789836216,789879656,192.168.88.253,43692,206,,congestion_avoidance,
2791,262931.968099,279600,5,790120024,790164912,192.168.88.253,43692,194,,congestion_avoidance,
2792,262931.977596,279700,5,790403832,790447272,192.168.88.253,43692,169,,congestion_avoidance,
2793,262931.987047,279800,5,790686192,790729632,192.168.88.253,43692,193,,congestion_avoidance,
2794,262931.996493,279900,5,790968552,791011992,192.168.88.253,43692,197,,congestion_avoidance,
2795,262932.005796,280000,5,791246568,791290008,192.168.88.253,43692,194,,congestion_avoidance,
2796,262932.015242,280100,5,791528928,791572368,192.168.88.253,43692,188,,congestion_avoidance,
2797,262932.024880,280200,5,791817080,791860520,192.168.88.253,43692,191,,congestion_avoidance,
2798,262932.034327,280300,5,792099440,792142880,192.168.88.253,43692,193,,congestion_avoidance,
2799,262932.043769,280400,5,792380352,792423792,192.168.88.253,43692,233,,congestion_avoidance,
2800,262932.053224,280500,5,792664160,792707600,192.168.88.253,43692,192,,congestion_avoidance,
2801,262932.062623,280600,5,792945072,792988512,192.168.88.253,43692,186,,congestion_avoidance,
2802,262932.072076,280700,5,793227432,793270872,192.168.88.253,43692,186,,congestion_avoidance,
2803,262932.081624,280800,5,793512688,793556128,192.168.88.253,43692,191,,congestion_avoidance,
2804,262932.091022,280900,5,793793600,793837040,192.168.88.253,43692,195,,congestion_avoidance,
2805,262932.100419,281000,5,794074512,794117952,192.168.88.253,43692,244,,congestion_avoidance,
2806,262932.110066,281100,5,794362664,794406104,192.168.88.253,43692,193,,congestion_avoidance,
2807,262932.119368,281200,5,794640680,794684120,192.168.88.253,43692,192,,congestion_avoidance,
2808,262932.128862,281300,5,794924488,794967928,192.168.88.253,43692,243,,congestion_avoidance,
2809,262932.138413,281400,5,795209744,795253184,192.168.88.253,43692,190,,congestion_avoidance,
2810,262932.148062,281500,5,795497896,795541336,192.168.88.253,43692,194,,congestion_avoidance,
2811,262932.157457,281600,5,795778808,795822248,192.168.88.253,43692,188,,congestion_avoidance,
2812,262932.166858,281700,5,796059720,796103160,192.168.88.253,43692,188,,congestion_avoidance,
2813,262932.176225,281800,5,796339184,796382624,192.168.88.253,43692,222,,congestion_avoidance,
2814,262932.185658,281900,5,796621544,796666432,192.168.88.253,43692,189,,congestion_avoidance,
2815,262932.195053,282000,5,796902456,796945896,192.168.88.253,43692,199,,congestion_avoidance,
2816,262932.204608,282100,5,797186264,797231152,192.168.88.253,43692,237,,congestion_avoidance,
2817,262932.213949,282200,5,797467176,797510616,192.168.88.253,43692,192,,congestion_avoidance,
2818,262932.223297,282300,5,797746640,797790080,192.168.88.253,43692,191,,congestion_avoidance,
2819,262932.232700,282400,5,798027552,798073888,192.168.88.253,43692,210,,congestion_avoidance,
2820,262932.242049,282500,5,798307016,798350456,192.168.88.253,43692,191,,congestion_avoidance,
2821,262932.251407,282600,5,798586480,798629920,192.168.88.253,43692,199,,congestion_avoidance,
2822,262932.270348,282800,5,799152648,799196088,192.168.88.253,43692,196,,congestion_avoidance,
2823,262932.279789,282900,5,799435008,799479896,192.168.88.253,43692,191,,congestion_avoidance,
2824,262932.289141,283000,5,799714472,799757912,192.168.88.253,43692,189,,congestion_avoidance,
2825,262932.298634,283100,5,799998280,800041720,192.168.88.253,43692,190,,congestion_avoidance,
2826,262932.308096,283200,5,800280640,800324080,192.168.88.253,43692,223,,congestion_avoidance,
2827,262932.317573,283300,5,800564448,800607888,192.168.88.253,43692,187,,congestion_avoidance,
2828,262932.326971,283400,5,800845360,800888800,192.168.88.253,43692,191,,congestion_avoidance,
2829,262932.336469,283500,5,801129168,801174056,192.168.88.253,43692,184,,congestion_avoidance,
2830,262932.345917,283600,5,801411528,801454968,192.168.88.253,43692,194,,congestion_avoidance,
2831,262932.355271,283700,5,801690992,801734432,192.168.88.253,43692,200,,congestion_avoidance,
2832,262932.364668,283800,5,801971904,802015344,192.168.88.253,43692,193,,congestion_avoidance,
2833,262932.374111,283900,5,802254264,802297704,192.168.88.253,43692,192,,congestion_avoidance,
2834,262932.383469,284000,5,802533728,802577168,192.168.88.253,43692,244,,congestion_avoidance,
2835,262932.393011,284100,5,802818984,802862424,192.168.88.253,43692,197,,congestion_avoidance,
2836,262932.402469,284200,5,803101344,803144784,192.168.88.253,43692,183,,congestion_avoidance,
2837,262932.411902,284300,5,803383704,803428592,192.168.88.253,43692,193,,congestion_avoidance,
2838,262932.421397,284400,5,803667512,803710952,192.168.88.253,43692,188,,congestion_avoidance,
2839,262932.430797,284500,5,803948424,803991864,192.168.88.253,43692,205,,congestion_avoidance,
2840,262932.440245,284600,5,804230784,804275672,192.168.88.253,43692,195,,congestion_avoidance,
2841,262932.449741,284700,5,804514592,804558032,192.168.88.253,43692,195,,congestion_avoidance,
2842,262932.459234,284800,5,804798400,804841840,192.168.88.253,43692,192,,congestion_avoidance,
2843,262932.468678,284900,5,805080760,805125648,192.168.88.253,43692,188,,congestion_avoidance,
2844,262932.478085,285000,5,805361672,805405112,192.168.88.253,43692,194,,congestion_avoidance,
2845,262932.487581,285100,5,805645480,805688920,192.168.88.253,43692,196,,congestion_avoidance,
2846,262932.497062,285200,5,805929288,805975624,192.168.88.253,43692,188,,congestion_avoidance,
2847,262932.506524,285300,5,806211648,806255088,192.168.88.253,43692,195,,congestion_avoidance,
2848,262932.515995,285400,5,806494008,806537448,192.168.88.253,43692,212,,congestion_avoidance,
2849,262932.525468,285500,5,806777816,806822704,192.168.88.253,43692,184,,congestion_avoidance,
2850,262932.534915,285600,5,807060176,807103616,192.168.88.253,43692,197,,congestion_avoidance,
2851,262932.544254,285700,5,807339640,807384528,192.168.88.253,43692,187,,congestion_avoidance,
2852,262932.553657,285800,5,807620552,807663992,192.168.88.253,43692,192,,congestion_avoidance,
2853,262932.563062,285900,5,807901464,807944904,192.168.88.253,43692,194,,congestion_avoidance,
2854,262932.572405,286000,5,808180928,808227264,192.168.88.253,43692,191,,congestion_avoidance,
2855,262932.581815,286100,5,808461840,808505280,192.168.88.253,43692,201,,congestion_avoidance,
2856,262932.591257,286200,5,808744200,808787640,192.168.88.253,43692,195,,congestion_avoidance,
2857,262932.600698,286300,5,809026560,809070000,192.168.88.253,43692,191,,congestion_avoidance,
2858,262932.610098,286400,5,809307472,809350912,192.168.88.253,43692,190,,congestion_avoidance,
2859,262932.619547,286500,5,809589832,809633272,192.168.88.253,43692,192,,congestion_avoidance,
2860,262932.628993,286600,5,809872192,809915632,192.168.88.253,43692,191,,congestion_avoidance,
2861,262932.638745,286700,5,810161792,810205232,192.168.88.253,43692,192,,congestion_avoidance,
2862,262932.648370,286800,5,810447048,810490488,192.168.88.253,43692,149,,congestion_avoidance,
2863,262932.658039,286900,5,810738096,810781536,192.168.88.253,43692,191,,congestion_avoidance,
2864,262932.667678,287000,5,811026248,811069688,192.168.88.253,43692,192,,congestion_avoidance,
2865,262932.677501,287100,5,811315848,811359288,192.168.88.253,43692,117,,congestion_avoidance,
2866,262932.686912,287200,5,811601104,811644544,192.168.88.253,43692,241,,congestion_avoidance,
2867,262932.696408,287300,5,811884912,811928352,192.168.88.253,43692,173,,congestion_avoidance,
2868,262932.706343,287400,5,812175960,812219400,192.168.88.253,43692,190,,congestion_avoidance,
2869,262932.715748,287500,5,812456872,812500312,192.168.88.253,43692,191,,congestion_avoidance,
2870,262932.725387,287600,5,812745024,812789912,192.168.88.253,43692,186,,congestion_avoidance,
2871,262932.734786,287700,5,813025936,813069376,192.168.88.253,43692,189,,congestion_avoidance,
2872,262932.744188,287800,5,813306848,813350288,192.168.88.253,43692,188,,congestion_avoidance,
2873,262932.753642,287900,5,813589208,813632648,192.168.88.253,43692,170,,congestion_avoidance,
2874,262932.763025,288000,5,813870120,813913560,192.168.88.253,43692,187,,congestion_avoidance,
2875,262932.772383,288100,5,814149584,814193024,192.168.88.253,43692,243,,congestion_avoidance,
2876,262932.781735,288200,5,814429048,814472488,192.168.88.253,43692,195,,congestion_avoidance,
2877,262932.791132,288300,5,814709960,814753400,192.168.88.253,43692,191,,congestion_avoidance,
2878,262932.800755,288400,5,814996664,815041552,192.168.88.253,43692,222,,congestion_avoidance,
2879,262932.810124,288500,5,815277576,815321016,192.168.88.253,43692,195,,congestion_avoidance,
2880,262932.819739,288600,5,815564280,815610616,192.168.88.253,43692,262,,congestion_avoidance,
2881,262932.829211,288700,5,815848088,815891528,192.168.88.253,43692,193,,congestion_avoidance,
2882,262932.838562,288800,5,816127552,816170992,192.168.88.253,43692,189,,congestion_avoidance,
2883,262932.848057,288900,5,816411360,816454800,192.168.88.253,43692,190,,congestion_avoidance,
2884,262932.857604,289000,5,816696616,816740056,192.168.88.253,43692,195,,congestion_avoidance,
2885,262932.867104,289100,5,816980424,817023864,192.168.88.253,43692,196,,congestion_avoidance,
2886,262932.876548,289200,5,817262784,817306224,192.168.88.253,43692,193,,congestion_avoidance,
2887,262932.886041,289300,5,817546592,817590032,192.168.88.253,43692,193,,congestion_avoidance,
2888,262932.895489,289400,5,817828952,817872392,192.168.88.253,43692,197,,congestion_avoidance,
2889,262932.904933,289500,5,818111312,818156200,192.168.88.253,43692,191,,congestion_avoidance,
2890,262932.914338,289600,5,818392224,818435664,192.168.88.253,43692,194,,congestion_avoidance,
2891,262932.923738,289700,5,818673136,818716576,192.168.88.253,43692,198,,congestion_avoidance,
2892,262932.933298,289800,5,818958392,819004728,192.168.88.253,43692,260,,congestion_avoidance,
2893,262932.942825,289900,5,819243648,819287088,192.168.88.253,43692,191,,congestion_avoidance,
2894,262932.952234,290000,5,819524560,819568000,192.168.88.253,43692,200,,congestion_avoidance,
2895,262932.961720,290100,5,819808368,819853256,192.168.88.253,43692,192,,congestion_avoidance,
2896,262932.971169,290200,5,820090728,820134168,192.168.88.253,43692,191,,congestion_avoidance,
2897,262932.980619,290300,5,820373088,820416528,192.168.88.253,43692,192,,congestion_avoidance,
2898,262932.990110,290400,5,820656896,820701784,192.168.88.253,43692,192,,congestion_avoidance,
2899,262932.999462,290500,5,820936360,820979800,192.168.88.253,43692,185,,congestion_avoidance,
2900,262933.008863,290600,5,821217272,821262160,192.168.88.253,43692,194,,congestion_avoidance,
2901,262933.018211,290700,5,821496736,821540176,192.168.88.253,43692,195,,congestion_avoidance,
2902,262933.027613,290800,5,821777648,821821088,192.168.88.253,43692,179,,congestion_avoidance,
2903,262933.037053,290900,5,822060008,822104896,192.168.88.253,43692,190,,congestion_avoidance,
2904,262933.046506,291000,5,822342368,822385808,192.168.88.253,43692,170,,congestion_avoidance,
2905,262933.055951,291100,5,822624728,822668168,192.168.88.253,43692,193,,congestion_avoidance,
2906,262933.065445,291200,5,822908536,822953424,192.168.88.253,43692,185,,congestion_avoidance,
2907,262933.074903,291300,5,823190896,823234336,192.168.88.253,43692,182,,congestion_avoidance,
2908,262933.084249,291400,5,823470360,823513800,192.168.88.253,43692,196,,congestion_avoidance,
2909,262933.093743,291500,5,823754168,823797608,192.168.88.253,43692,194,,congestion_avoidance,
2910,262933.103088,291600,5,824033632,824077072,192.168.88.253,43692,190,,congestion_avoidance,
2911,262933.112436,291700,5,824313096,824359432,192.168.88.253,43692,172,,congestion_avoidance,
2912,262933.121939,291800,5,824596904,824640344,192.168.88.253,43692,193,,congestion_avoidance,
2913,262933.131388,291900,5,824879264,824922704,192.168.88.253,43692,204,,congestion_avoidance,
2914,262933.140933,292000,5,825164520,825209408,192.168.88.253,43692,168,,congestion_avoidance,
2915,262933.150383,292100,5,825446880,825490320,192.168.88.253,43692,190,,congestion_avoidance,
2916,262933.159837,292200,5,825729240,825774128,192.168.88.253,43692,198,,congestion_avoidance,
2917,262933.169234,292300,5,826010152,826053592,192.168.88.253,43692,191,,congestion_avoidance,
2918,262933.178539,292400,5,826288168,826331608,192.168.88.253,43692,185,,congestion_avoidance,
2919,262933.187982,292500,5,826570528,826616864,192.168.88.253,43692,202,,congestion_avoidance,
2920,262933.197438,292600,5,826852888,826896328,192.168.88.253,43692,196,,congestion_avoidance,
2921,262933.206796,292700,5,827132352,827178688,192.168.88.253,43692,251,,congestion_avoidance,
2922,262933.216236,292800,5,827414712,827458152,192.168.88.253,43692,202,,congestion_avoidance,
2923,262933.225629,292900,5,827695624,827739064,192.168.88.253,43692,194,,congestion_avoidance,
2924,262933.235079,293000,5,827977984,828022872,192.168.88.253,43692,192,,congestion_avoidance,
2925,262933.244476,293100,5,828258896,828302336,192.168.88.253,43692,187,,congestion_avoidance,
2926,262933.253827,293200,5,828538360,828581800,192.168.88.253,43692,186,,congestion_avoidance,
2927,262933.263275,293300,5,828820720,828865608,192.168.88.253,43692,190,,congestion_avoidance,
2928,262933.282125,293500,5,829383992,829430328,192.168.88.253,43692,242,,congestion_avoidance,
2929,262933.291573,293600,5,829666352,829709792,192.168.88.253,43692,192,,congestion_avoidance,
2930,262933.300975,293700,5,829947264,829990704,192.168.88.253,43692,198,,congestion_avoidance,
2931,262933.310364,293800,5,830228176,830271616,192.168.88.253,43692,183,,congestion_avoidance,
2932,262933.319859,293900,5,830511984,830555424,192.168.88.253,43692,191,,congestion_avoidance,
2933,262933.329328,294000,5,830794344,830837784,192.168.88.253,43692,216,,congestion_avoidance,
2934,262933.338804,294100,5,831078152,831121592,192.168.88.253,43692,245,,congestion_avoidance,
2935,262933.348254,294200,5,831360512,831403952,192.168.88.253,43692,195,,congestion_avoidance,
2936,262933.357657,294300,5,831641424,831684864,192.168.88.253,43692,189,,congestion_avoidance,
2937,262933.367106,294400,5,831923784,831968672,192.168.88.253,43692,193,,congestion_avoidance,
2938,262933.376505,294500,5,832204696,832248136,192.168.88.253,43692,181,,congestion_avoidance,
2939,262933.385902,294600,5,832485608,832529048,192.168.88.253,43692,194,,congestion_avoidance,
2940,262933.395301,294700,5,832766520,832809960,192.168.88.253,43692,192,,congestion_avoidance,
2941,262933.404696,294800,5,833047432,833090872,192.168.88.253,43692,189,,congestion_avoidance,
2942,262933.414092,294900,5,833328344,833371784,192.168.88.253,43692,242,,congestion_avoidance,
2943,262933.423491,295000,5,833609256,833652696,192.168.88.253,43692,190,,congestion_avoidance,
2944,262933.432877,295100,5,833888720,833933608,192.168.88.253,43692,225,,congestion_avoidance,
2945,262933.442288,295200,5,834171080,834214520,192.168.88.253,43692,191,,congestion_avoidance,
2946,262933.451639,295300,5,834450544,834493984,192.168.88.253,43692,191,,congestion_avoidance,
2947,262933.461038,295400,5,834731456,834774896,192.168.88.253,43692,244,,congestion_avoidance,
2948,262933.470438,295500,5,835012368,835055808,192.168.88.253,43692,191,,congestion_avoidance,
2949,262933.479887,295600,5,835294728,835338168,192.168.88.253,43692,193,,congestion_avoidance,
2950,262933.489352,295700,5,835577088,835623424,192.168.88.253,43692,228,,congestion_avoidance,
2951,262933.498778,295800,5,835859448,835902888,192.168.88.253,43692,191,,congestion_avoidance,
2952,262933.508277,295900,5,836143256,836186696,192.168.88.253,43692,195,,congestion_avoidance,
2953,262933.517723,296000,5,836425616,836470504,192.168.88.253,43692,190,,congestion_avoidance,
2954,262933.527168,296100,5,836707976,836751416,192.168.88.253,43692,191,,congestion_avoidance,
2955,262933.536568,296200,5,836988888,837032328,192.168.88.253,43692,186,,congestion_avoidance,
2956,262933.546160,296300,5,837275592,837320480,192.168.88.253,43692,191,,congestion_avoidance,
2957,262933.555515,296400,5,837555056,837598496,192.168.88.253,43692,189,,congestion_avoidance,
2958,262933.564963,296500,5,837837416,837880856,192.168.88.253,43692,195,,congestion_avoidance,
2959,262933.574362,296600,5,838118328,838161768,192.168.88.253,43692,192,,congestion_avoidance,
2960,262933.583863,296700,5,838402136,838445576,192.168.88.253,43692,196,,congestion_avoidance,
2961,262933.593353,296800,5,838685944,838730832,192.168.88.253,43692,188,,congestion_avoidance,
2962,262933.602847,296900,5,838969752,839013192,192.168.88.253,43692,190,,congestion_avoidance,
2963,262933.612357,297000,5,839253560,839297000,192.168.88.253,43692,199,,congestion_avoidance,
2964,262933.621841,297100,5,839537368,839580808,192.168.88.253,43692,187,,congestion_avoidance,
2965,262933.631343,297200,5,839821176,839866064,192.168.88.253,43692,194,,congestion_avoidance,
2966,262933.640649,297300,5,840099192,840142632,192.168.88.253,43692,193,,congestion_avoidance,
2967,262933.649992,297400,5,840378656,840422096,192.168.88.253,43692,245,,congestion_avoidance,
2968,262933.659445,297500,5,840661016,840704456,192.168.88.253,43692,192,,congestion_avoidance,
2969,262933.668846,297600,5,840941928,840985368,192.168.88.253,43692,179,,congestion_avoidance,
2970,262933.678445,297700,5,841228632,841272072,192.168.88.253,43692,248,,congestion_avoidance,
2971,262933.687888,297800,5,841510992,841554432,192.168.88.253,43692,192,,congestion_avoidance,
2972,262933.697231,297900,5,841789008,841835344,192.168.88.253,43692,283,,congestion_avoidance,
2973,262933.706640,298000,5,842071368,842114808,192.168.88.253,43692,193,,congestion_avoidance,
2974,262933.716032,298100,5,842352280,842395720,192.168.88.253,43692,190,,congestion_avoidance,
2975,262933.725486,298200,5,842634640,842678080,192.168.88.253,43692,192,,congestion_avoidance,
2976,262933.735123,298300,5,842922792,842966232,192.168.88.253,43692,190,,congestion_avoidance,
2977,262933.744429,298400,5,843200808,843244248,192.168.88.253,43692,182,,congestion_avoidance,
2978,262933.753828,298500,5,843481720,843526608,192.168.88.253,43692,191,,congestion_avoidance,
2979,262933.763323,298600,5,843765528,843808968,192.168.88.253,43692,194,,congestion_avoidance,
2980,262933.772670,298700,5,844044992,844089880,192.168.88.253,43692,190,,congestion_avoidance,
2981,262933.782117,298800,5,844327352,844370792,192.168.88.253,43692,185,,congestion_avoidance,
2982,262933.791614,298900,5,844611160,844654600,192.168.88.253,43692,189,,congestion_avoidance,
2983,262933.801156,299000,5,844894968,844939856,192.168.88.253,43692,229,,congestion_avoidance,
2984,262933.810465,299100,5,845174432,845217872,192.168.88.253,43692,192,,congestion_avoidance,
2985,262933.819821,299200,5,845453896,845497336,192.168.88.253,43692,195,,congestion_avoidance,
2986,262933.829266,299300,5,845736256,845779696,192.168.88.253,43692,244,,congestion_avoidance,
2987,262933.838664,299400,5,846017168,846060608,192.168.88.253,43692,191,,congestion_avoidance,
2988,262933.848106,299500,5,846299528,846342968,192.168.88.253,43692,183,,congestion_avoidance,
2989,262933.857602,299600,5,846583336,846628224,192.168.88.253,43692,155,,congestion_avoidance,
2990,262933.867154,299700,5,846868592,846912032,192.168.88.253,43692,176,,congestion_avoidance,
2991,262933.876693,299800,5,847153848,847197288,192.168.88.253,43692,192,,congestion_avoidance,
2992,262933.886093,299900,5,847434760,847479648,192.168.88.253,43692,195,,congestion_avoidance,
2993,262933.895467,300000,5,847714224,847757664,192.168.88.253,43692,213,,congestion_avoidance,
2994,262933.904890,300100,5,847996584,848041472,192.168.88.253,43692,191,,congestion_avoidance,
2995,262933.914240,300200,5,848276048,848319488,192.168.88.253,43692,192,,congestion_avoidance,
2996,262933.924124,300300,5,848561304,848604744,192.168.88.253,43692,138,,congestion_avoidance,
2997,262933.936408,300400,5,848853800,848898688,192.168.88.253,43692,187,,congestion_avoidance,
2998,262933.945855,300500,5,849136160,849179600,192.168.88.253,43692,191,,congestion_avoidance,
2999,262933.958963,300600,5,849422864,849466304,192.168.88.253,43692,189,,congestion_avoidance,
3000,262933.975945,300700,5,849851472,849894912,192.168.88.253,43692,123,,congestion_avoidance,
3001,262933.985392,300800,5,850133832,850177272,192.168.88.253,43692,191,,congestion_avoidance,
3002,262933.997143,300900,5,850421984,850465424,192.168.88.253,43692,117,,congestion_avoidance,
3003,262934.006636,301000,5,850707240,850752128,192.168.88.253,43692,190,,congestion_avoidance,
3004,262934.016192,301100,5,850992496,851035936,192.168.88.253,43692,194,,congestion_avoidance,
3005,262934.025583,301200,5,851273408,851316848,192.168.88.253,43692,188,,congestion_avoidance,
3006,262934.034930,301300,5,851552872,851596312,192.168.88.253,43692,238,,congestion_avoidance,
3007,262934.044474,301400,5,851838128,851881568,192.168.88.253,43692,192,,congestion_avoidance,
3008,262934.053874,301500,5,852119040,852162480,192.168.88.253,43692,210,,congestion_avoidance,
3009,262934.063368,301600,5,852402848,852447736,192.168.88.253,43692,186,,congestion_avoidance,
3010,262934.072770,301700,5,852683760,852727200,192.168.88.253,43692,191,,congestion_avoidance,
3011,262934.082217,301800,5,852966120,853009560,192.168.88.253,43692,174,,congestion_avoidance,
3012,262934.091660,301900,5,853248480,853291920,192.168.88.253,43692,191,,congestion_avoidance,
3013,262934.101019,302000,5,853527944,853571384,192.168.88.253,43692,191,,congestion_avoidance,
3014,262934.110420,302100,5,853808856,853852296,192.168.88.253,43692,190,,congestion_avoidance,
3015,262934.119768,302200,5,854088320,854131760,192.168.88.253,43692,192,,congestion_avoidance,
3016,262934.129121,302300,5,854367784,854411224,192.168.88.253,43692,247,,congestion_avoidance,
3017,262934.138520,302400,5,854648696,854692136,192.168.88.253,43692,190,,congestion_avoidance,
3018,262934.148060,302500,5,854932504,854975944,192.168.88.253,43692,228,,congestion_avoidance,
3019,262934.157647,302600,5,855219208,855264096,192.168.88.253,43692,225,,congestion_avoidance,
3020,262934.167017,302700,5,855500120,855543560,192.168.88.253,43692,190,,congestion_avoidance,
3021,262934.176422,302800,5,855781032,855824472,192.168.88.253,43692,195,,congestion_avoidance,
3022,262934.185879,302900,5,856063392,856106832,192.168.88.253,43692,256,,congestion_avoidance,
3023,262934.195409,303000,5,856348648,856392088,192.168.88.253,43692,190,,congestion_avoidance,
3024,262934.204806,303100,5,856629560,856673000,192.168.88.253,43692,193,,congestion_avoidance,
3025,262934.214199,303200,5,856910472,856956808,192.168.88.253,43692,200,,congestion_avoidance,
3026,262934.223561,303300,5,857189936,857233376,192.168.88.253,43692,190,,congestion_avoidance,
3027,262934.232910,303400,5,857469400,857512840,192.168.88.253,43692,191,,congestion_avoidance,
3028,262934.242311,303500,5,857750312,857793752,192.168.88.253,43692,198,,congestion_avoidance,
3029,262934.251705,303600,5,858031224,858074664,192.168.88.253,43692,188,,congestion_avoidance,
3030,262934.261160,303700,5,858313584,858357024,192.168.88.253,43692,242,,congestion_avoidance,
3031,262934.270505,303800,5,858593048,858636488,192.168.88.253,43692,193,,congestion_avoidance,
3032,262934.279855,303900,5,858872512,858915952,192.168.88.253,43692,194,,congestion_avoidance,
3033,262934.298653,304100,5,859434336,859477776,192.168.88.253,43692,193,,congestion_avoidance,
3034,262934.308051,304200,5,859715248,859758688,192.168.88.253,43692,234,,congestion_avoidance,
3035,262934.317547,304300,5,859999056,860042496,192.168.88.253,43692,190,,congestion_avoidance,
3036,262934.327046,304400,5,860282864,860326304,192.168.88.253,43692,195,,congestion_avoidance,
3037,262934.336441,304500,5,860563776,860607216,192.168.88.253,43692,238,,congestion_avoidance,
3038,262934.345985,304600,5,860849032,860892472,192.168.88.253,43692,192,,congestion_avoidance,
3039,262934.355482,304700,5,861132840,861176280,192.168.88.253,43692,185,,congestion_avoidance,
3040,262934.364885,304800,5,861413752,861457192,192.168.88.253,43692,246,,congestion_avoidance,
3041,262934.374282,304900,5,861694664,861738104,192.168.88.253,43692,197,,congestion_avoidance,
3042,262934.383682,305000,5,861975576,862019016,192.168.88.253,43692,193,,congestion_avoidance,
3043,262934.393179,305100,5,862259384,862304272,192.168.88.253,43692,199,,congestion_avoidance,
3044,262934.402522,305200,5,862538848,862582288,192.168.88.253,43692,190,,congestion_avoidance,
3045,262934.411878,305300,5,862818312,862863200,192.168.88.253,43692,194,,congestion_avoidance,
3046,262934.421275,305400,5,863099224,863142664,192.168.88.253,43692,192,,congestion_avoidance,
3047,262934.430671,305500,5,863380136,863423576,192.168.88.253,43692,174,,congestion_avoidance,
3048,262934.440116,305600,5,863662496,863707384,192.168.88.253,43692,190,,congestion_avoidance,
3049,262934.449469,305700,5,863941960,863985400,192.168.88.253,43692,189,,congestion_avoidance,
3050,262934.458866,305800,5,864222872,864267760,192.168.88.253,43692,191,,congestion_avoidance,
3051,262934.468319,305900,5,864505232,864548672,192.168.88.253,43692,193,,congestion_avoidance,
3052,262934.477714,306000,5,864786144,864829584,192.168.88.253,43692,193,,congestion_avoidance,
3053,262934.487212,306100,5,865069952,865113392,192.168.88.253,43692,195,,congestion_avoidance,
3054,262934.496755,306200,5,865355208,865398648,192.168.88.253,43692,192,,congestion_avoidance,
3055,262934.506252,306300,5,865639016,865682456,192.168.88.253,43692,190,,congestion_avoidance,
3056,262934.515699,306400,5,865921376,865964816,192.168.88.253,43692,192,,congestion_avoidance,
3057,262934.525195,306500,5,866205184,866248624,192.168.88.253,43692,191,,congestion_avoidance,
3058,262934.534502,306600,5,866483200,866526640,192.168.88.253,43692,196,,congestion_avoidance,
3059,262934.543995,306700,5,866767008,866810448,192.168.88.253,43692,190,,congestion_avoidance,
3060,262934.553540,306800,5,867052264,867095704,192.168.88.253,43692,191,,congestion_avoidance,
3061,262934.562988,306900,5,867334624,867378064,192.168.88.253,43692,190,,congestion_avoidance,
3062,262934.572674,307000,5,867615536,867658976,192.168.88.253,43692,126,,congestion_avoidance,
3063,262934.582018,307100,5,867897896,867941336,192.168.88.253,43692,198,,congestion_avoidance,
3064,262934.591411,307200,5,868178808,868222248,192.168.88.253,43692,190,,congestion_avoidance,
3065,262934.600760,307300,5,868458272,868501712,192.168.88.253,43692,189,,congestion_avoidance,
3066,262934.610207,307400,5,868740632,868784072,192.168.88.253,43692,182,,congestion_avoidance,
3067,262934.619608,307500,5,869021544,869064984,192.168.88.253,43692,189,,congestion_avoidance,
3068,262934.628959,307600,5,869301008,869344448,192.168.88.253,43692,242,,congestion_avoidance,
3069,262934.638500,307700,5,869586264,869631152,192.168.88.253,43692,187,,congestion_avoidance,
3070,262934.648011,307800,5,869870072,869913512,192.168.88.253,43692,192,,congestion_avoidance,
3071,262934.657403,307900,5,870150984,870194424,192.168.88.253,43692,190,,congestion_avoidance,
3072,262934.666905,308000,5,870434792,870479680,192.168.88.253,43692,191,,congestion_avoidance,
3073,262934.676399,308100,5,870718600,870762040,192.168.88.253,43692,161,,congestion_avoidance,
3074,262934.685901,308200,5,871002408,871045848,192.168.88.253,43692,199,,congestion_avoidance,
3075,262934.695394,308300,5,871286216,871329656,192.168.88.253,43692,244,,congestion_avoidance,
3076,262934.704889,308400,5,871570024,871613464,192.168.88.253,43692,192,,congestion_avoidance,
3077,262934.714389,308500,5,871853832,871897272,192.168.88.253,43692,195,,congestion_avoidance,
3078,262934.723884,308600,5,872137640,872181080,192.168.88.253,43692,195,,congestion_avoidance,
3079,262934.733378,308700,5,872421448,872464888,192.168.88.253,43692,183,,congestion_avoidance,
3080,262934.742826,308800,5,872703808,872747248,192.168.88.253,43692,190,,congestion_avoidance,
3081,262934.752337,308900,5,872987616,873031056,192.168.88.253,43692,210,,congestion_avoidance,
3082,262934.761863,309000,5,873272872,873316312,192.168.88.253,43692,190,,congestion_avoidance,
3083,262934.771360,309100,5,873556680,873600120,192.168.88.253,43692,190,,congestion_avoidance,
3084,262934.781000,309200,5,873844832,873888272,192.168.88.253,43692,197,,congestion_avoidance,
3085,262934.790445,309300,5,874127192,874170632,192.168.88.253,43692,184,,congestion_avoidance,
3086,262934.799845,309400,5,874408104,874451544,192.168.88.253,43692,191,,congestion_avoidance,
3087,262934.809341,309500,5,874691912,874735352,192.168.88.253,43692,237,,congestion_avoidance,
3088,262934.818888,309600,5,874977168,875020608,192.168.88.253,43692,195,,congestion_avoidance,
3089,262934.828434,309700,5,875262424,875305864,192.168.88.253,43692,196,,congestion_avoidance,
3090,262934.837829,309800,5,875543336,875586776,192.168.88.253,43692,245,,congestion_avoidance,
3091,262934.847373,309900,5,875828592,875872032,192.168.88.253,43692,192,,congestion_avoidance,
3092,262934.856821,310000,5,876110952,876154392,192.168.88.253,43692,193,,congestion_avoidance,
3093,262934.866318,310100,5,876394760,876438200,192.168.88.253,43692,193,,congestion_avoidance,
3094,262934.875908,310200,5,876681464,876724904,192.168.88.253,43692,191,,congestion_avoidance,
3095,262934.885503,310300,5,876968168,877011608,192.168.88.253,43692,185,,congestion_avoidance,
3096,262934.895007,310400,5,877251976,877295416,192.168.88.253,43692,195,,congestion_avoidance,
3097,262934.904490,310500,5,877535784,877580672,192.168.88.253,43692,178,,congestion_avoidance,
3098,262934.913895,310600,5,877816696,877860136,192.168.88.253,43692,192,,congestion_avoidance,
3099,262934.923296,310700,5,878097608,878141048,192.168.88.253,43692,198,,congestion_avoidance,
3100,262934.932787,310800,5,878381416,878424856,192.168.88.253,43692,192,,congestion_avoidance,
3101,262934.942292,310900,5,878665224,878708664,192.168.88.253,43692,195,,congestion_avoidance,
3102,262934.951740,311000,5,878947584,878993920,192.168.88.253,43692,249,,congestion_avoidance,
3103,262934.961234,311100,5,879231392,879274832,192.168.88.253,43692,196,,congestion_avoidance,
3104,262934.970720,311200,5,879515200,879558640,192.168.88.253,43692,190,,congestion_avoidance,
3105,262934.980162,311300,5,879796112,879842448,192.168.88.253,43692,278,,congestion_avoidance,
3106,262934.989566,311400,5,880078472,880121912,192.168.88.253,43692,185,,congestion_avoidance,
3107,262934.998965,311500,5,880359384,880402824,192.168.88.253,43692,191,,congestion_avoidance,
3108,262935.008465,311600,5,880643192,880686632,192.168.88.253,43692,239,,congestion_avoidance,
3109,262935.017909,311700,5,880925552,880968992,192.168.88.253,43692,193,,congestion_avoidance,
3110,262935.027313,311800,5,881206464,881249904,192.168.88.253,43692,193,,congestion_avoidance,
3111,262935.036753,311900,5,881488824,881533712,192.168.88.253,43692,187,,congestion_avoidance,
3112,262935.046057,312000,5,881766840,881810280,192.168.88.253,43692,192,,congestion_avoidance,
3113,262935.055408,312100,5,882046304,882089744,192.168.88.253,43692,183,,congestion_avoidance,
3114,262935.064950,312200,5,882331560,882375000,192.168.88.253,43692,191,,congestion_avoidance,
3115,262935.074350,312300,5,882612472,882655912,192.168.88.253,43692,183,,congestion_avoidance,
3116,262935.083794,312400,5,882894832,882938272,192.168.88.253,43692,243,,congestion_avoidance,
3117,262935.093247,312500,5,883177192,883220632,192.168.88.253,43692,196,,congestion_avoidance,
3118,262935.102595,312600,5,883456656,883500096,192.168.88.253,43692,180,,congestion_avoidance,
3119,262935.112083,312700,5,883740464,883786800,192.168.88.253,43692,196,,congestion_avoidance,
3120,262935.121489,312800,5,884021376,884064816,192.168.88.253,43692,187,,congestion_avoidance,
3121,262935.130939,312900,5,884303736,884347176,192.168.88.253,43692,195,,congestion_avoidance,
3122,262935.140387,313000,5,884586096,884629536,192.168.88.253,43692,183,,congestion_avoidance,
3123,262935.149836,313100,5,884868456,884911896,192.168.88.253,43692,190,,congestion_avoidance,
3124,262935.159190,313200,5,885147920,885191360,192.168.88.253,43692,245,,congestion_avoidance,
3125,262935.168602,313300,5,885428832,885472272,192.168.88.253,43692,194,,congestion_avoidance,
3126,262935.177958,313400,5,885708296,885751736,192.168.88.253,43692,245,,congestion_avoidance,
3127,262935.187390,313500,5,885990656,886034096,192.168.88.253,43692,192,,congestion_avoidance,
3128,262935.196860,313600,5,886273016,886316456,192.168.88.253,43692,141,,congestion_avoidance,
3129,262935.206290,313700,5,886555376,886600264,192.168.88.253,43692,195,,congestion_avoidance,
3130,262935.215687,313800,5,886836288,886879728,192.168.88.253,43692,193,,congestion_avoidance,
3131,262935.225184,313900,5,887120096,887163536,192.168.88.253,43692,194,,congestion_avoidance,
3132,262935.234630,314000,5,887402456,887445896,192.168.88.253,43692,192,,congestion_avoidance,
3133,262935.244078,314100,5,887684816,887728256,192.168.88.253,43692,189,,congestion_avoidance,
3134,262935.253430,314200,5,887964280,888007720,192.168.88.253,43692,182,,congestion_avoidance,
3135,262935.262831,314300,5,888245192,888290080,192.168.88.253,43692,197,,congestion_avoidance,
3136,262935.272273,314400,5,888527552,888570992,192.168.88.253,43692,194,,congestion_avoidance,
3137,262935.281768,314500,5,888811360,888854800,192.168.88.253,43692,194,,congestion_avoidance,
3138,262935.291260,314600,5,889095168,889140056,192.168.88.253,43692,185,,congestion_avoidance,
3139,262935.301620,314700,5,889376080,889416624,192.168.88.253,43692,119,,congestion_avoidance,
3140,262935.310900,314800,5,889659888,889703328,192.168.88.253,43692,192,,congestion_avoidance,
3141,262935.320387,314900,5,889943696,889990032,192.168.88.253,43692,197,,congestion_avoidance,
3142,262935.331311,315000,5,890228952,890272392,192.168.88.253,43692,132,,congestion_avoidance,
3143,262935.340658,315100,5,890512760,890556200,192.168.88.253,43692,196,,congestion_avoidance,
3144,262935.350150,315200,5,890796568,890840008,192.168.88.253,43692,192,,congestion_avoidance,
3145,262935.359647,315300,5,891080376,891123816,192.168.88.253,43692,190,,congestion_avoidance,
3146,262935.369193,315400,5,891365632,891409072,192.168.88.253,43692,190,,congestion_avoidance,
3147,262935.378639,315500,5,891647992,891691432,192.168.88.253,43692,193,,congestion_avoidance,
3148,262935.388092,315600,5,891930352,891973792,192.168.88.253,43692,203,,congestion_avoidance,
3149,262935.397389,315700,5,892208368,892251808,192.168.88.253,43692,194,,congestion_avoidance,
3150,262935.406829,315800,5,892490728,892535616,192.168.88.253,43692,183,,congestion_avoidance,
3151,262935.416192,315900,5,892770192,892813632,192.168.88.253,43692,197,,congestion_avoidance,
3152,262935.425583,316000,5,893051104,893095992,192.168.88.253,43692,191,,congestion_avoidance,
3153,262935.434931,316100,5,893330568,893374008,192.168.88.253,43692,194,,congestion_avoidance,
3154,262935.444383,316200,5,893612928,893656368,192.168.88.253,43692,180,,congestion_avoidance,
3155,262935.453719,316300,5,893892392,893938728,192.168.88.253,43692,198,,congestion_avoidance,
3156,262935.463225,316400,5,894176200,894219640,192.168.88.253,43692,192,,congestion_avoidance,
3157,262935.472576,316500,5,894455664,894499104,192.168.88.253,43692,236,,congestion_avoidance,
3158,262935.482024,316600,5,894738024,894781464,192.168.88.253,43692,189,,congestion_avoidance,
3159,262935.491422,316700,5,895018936,895062376,192.168.88.253,43692,192,,congestion_avoidance,
3160,262935.500776,316800,5,895298400,895341840,192.168.88.253,43692,197,,congestion_avoidance,
3161,262935.510175,316900,5,895579312,895622752,192.168.88.253,43692,196,,congestion_avoidance,
3162,262935.519525,317000,5,895858776,895902216,192.168.88.253,43692,203,,congestion_avoidance,
3163,262935.528974,317100,5,896141136,896186024,192.168.88.253,43692,193,,congestion_avoidance,
3164,262935.538471,317200,5,896424944,896468384,192.168.88.253,43692,196,,congestion_avoidance,
3165,262935.547858,317300,5,896704408,896750744,192.168.88.253,43692,283,,congestion_avoidance,
3166,262935.557362,317400,5,896989664,897034552,192.168.88.253,43692,193,,congestion_avoidance,
3167,262935.566664,317500,5,897267680,897311120,192.168.88.253,43692,195,,congestion_avoidance,
3168,262935.576067,317600,5,897548592,897592032,192.168.88.253,43692,196,,congestion_avoidance,
3169,262935.585459,317700,5,897829504,897872944,192.168.88.253,43692,189,,congestion_avoidance,
3170,262935.594809,317800,5,898108968,898152408,192.168.88.253,43692,190,,congestion_avoidance,
3171,262935.604212,317900,5,898389880,898433320,192.168.88.253,43692,199,,congestion_avoidance,
3172,262935.613513,318000,5,898667896,898711336,192.168.88.253,43692,195,,congestion_avoidance,
3173,262935.622958,318100,5,898950256,898993696,192.168.88.253,43692,194,,congestion_avoidance,
3174,262935.632405,318200,5,899232616,899276056,192.168.88.253,43692,153,,congestion_avoidance,
3175,262935.641860,318300,5,899514976,899558416,192.168.88.253,43692,185,,congestion_avoidance,
3176,262935.651353,318400,5,899798784,899842224,192.168.88.253,43692,244,,congestion_avoidance,
3177,262935.660764,318500,5,900079696,900123136,192.168.88.253,43692,186,,congestion_avoidance,
3178,262935.670527,318600,5,900363504,900406944,192.168.88.253,43692,197,,congestion_avoidance,
3179,262935.679932,318700,5,900644416,900687856,192.168.88.253,43692,198,,congestion_avoidance,
3180,262935.689285,318800,5,900923880,900967320,192.168.88.253,43692,192,,congestion_avoidance,
3181,262935.698775,318900,5,901207688,901251128,192.168.88.253,43692,191,,congestion_avoidance,
3182,262935.708414,319000,5,901495840,901539280,192.168.88.253,43692,193,,congestion_avoidance,
3183,262935.717912,319100,5,901779648,901823088,192.168.88.253,43692,194,,congestion_avoidance,
3184,262935.728043,319200,5,902063456,902108344,192.168.88.253,43692,190,,congestion_avoidance,
3185,262935.737589,319300,5,902348712,902392152,192.168.88.253,43692,167,,congestion_avoidance,
3186,262935.747038,319400,5,902631072,902674512,192.168.88.253,43692,190,,congestion_avoidance,
3187,262935.757395,319500,5,902922120,902965560,192.168.88.253,43692,193,,congestion_avoidance,
3188,262935.766840,319600,5,903204480,903247920,192.168.88.253,43692,192,,congestion_avoidance,
3189,262935.776614,319700,5,903491184,903534624,192.168.88.253,43692,173,,congestion_avoidance,
3190,262935.785968,319800,5,903770648,903814088,192.168.88.253,43692,239,,congestion_avoidance,
3191,262935.795414,319900,5,904053008,904096448,192.168.88.253,43692,189,,congestion_avoidance,
3192,262935.804766,320000,5,904332472,904375912,192.168.88.253,43692,198,,congestion_avoidance,
3193,262935.823707,320200,5,904898640,904942080,192.168.88.253,43692,192,,congestion_avoidance,
3194,262935.833208,320300,5,905182448,905225888,192.168.88.253,43692,199,,congestion_avoidance,
3195,262935.842648,320400,5,905464808,905509696,192.168.88.253,43692,188,,congestion_avoidance,
3196,262935.852151,320500,5,905748616,905792056,192.168.88.253,43692,193,,congestion_avoidance,
3197,262935.861595,320600,5,906030976,906074416,192.168.88.253,43692,195,,congestion_avoidance,
3198,262935.871090,320700,5,906314784,906359672,192.168.88.253,43692,188,,congestion_avoidance,
3199,262935.880449,320800,5,906594248,906637688,192.168.88.253,43692,195,,congestion_avoidance,
3200,262935.889791,320900,5,906873712,906918600,192.168.88.253,43692,192,,congestion_avoidance,
3201,262935.899290,321000,5,907157520,907200960,192.168.88.253,43692,193,,congestion_avoidance,
3202,262935.908641,321100,5,907436984,907480424,192.168.88.253,43692,194,,congestion_avoidance,
3203,262935.918132,321200,5,907720792,907764232,192.168.88.253,43692,190,,congestion_avoidance,
3204,262935.927484,321300,5,908000256,908043696,192.168.88.253,43692,194,,congestion_avoidance,
3205,262935.936885,321400,5,908281168,908324608,192.168.88.253,43692,202,,congestion_avoidance,
3206,262935.946362,321500,5,908564976,908611312,192.168.88.253,43692,189,,congestion_avoidance,
3207,262935.955831,321600,5,908847336,908890776,192.168.88.253,43692,198,,congestion_avoidance,
3208,262935.965217,321700,5,909126800,909173136,192.168.88.253,43692,282,,congestion_avoidance,
3209,262935.974671,321800,5,909410608,909454048,192.168.88.253,43692,193,,congestion_avoidance,
3210,262935.984120,321900,5,909692968,909736408,192.168.88.253,43692,191,,congestion_avoidance,
3211,262935.993565,322000,5,909975328,910018768,192.168.88.253,43692,189,,congestion_avoidance,
3212,262936.003204,322100,5,910263480,910308368,192.168.88.253,43692,193,,congestion_avoidance,
3213,262936.014803,322200,5,910547288,910590728,192.168.88.253,43692,116,,congestion_avoidance,
3214,262936.024284,322300,5,910831096,910874536,192.168.88.253,43692,189,,congestion_avoidance,
3215,262936.034140,322400,5,911119248,911162688,192.168.88.253,43692,207,,congestion_avoidance,
3216,262936.043834,322500,5,911408848,911452288,192.168.88.253,43692,208,,congestion_avoidance,
3217,262936.053260,322600,5,911691208,911734648,192.168.88.253,43692,190,,congestion_avoidance,
3218,262936.062704,322700,5,911973568,912018456,192.168.88.253,43692,188,,congestion_avoidance,
3219,262936.070029,322778,5,912192216,912237104,192.168.88.253,43692,197,,loss_recovery,
3220,262936.070312,322781,3,912199456,912244344,192.168.88.253,43692,95,,congestion_avoidance,
3221,262936.072009,322800,5,912251584,912297920,192.168.88.253,43692,148,,congestion_avoidance,
3222,262936.081459,322900,5,912533944,912580280,192.168.88.253,43692,190,,congestion_avoidance,
3223,262936.090913,323000,5,912816304,912862640,192.168.88.253,43692,247,,congestion_avoidance,
3224,262936.100459,323100,5,913101560,913147896,192.168.88.253,43692,174,,congestion_avoidance,
3225,262936.109947,323200,5,913385368,913431704,192.168.88.253,43692,191,,congestion_avoidance,
3226,262936.119399,323300,5,913667728,913714064,192.168.88.253,43692,191,,congestion_avoidance,
3227,262936.128745,323400,5,913947192,913993528,192.168.88.253,43692,192,,congestion_avoidance,
3228,262936.140643,323500,5,914248376,914294712,192.168.88.253,43692,194,,congestion_avoidance,
3229,262936.150332,323600,5,914537976,914584312,192.168.88.253,43692,202,,congestion_avoidance,
3230,262936.159783,323700,5,914820336,914868120,192.168.88.253,43692,190,,congestion_avoidance,
3231,262936.169237,323800,5,915102696,915149032,192.168.88.253,43692,190,,congestion_avoidance,
3232,262936.178685,323900,5,915385056,915431392,192.168.88.253,43692,196,,congestion_avoidance,
3233,262936.188543,324000,5,915671760,915719544,192.168.88.253,43692,190,,congestion_avoidance,
3234,262936.201701,324100,5,915958464,916004800,192.168.88.253,43692,195,,congestion_avoidance,
3235,262936.214751,324200,5,916248064,916294400,192.168.88.253,43692,200,,congestion_avoidance,
3236,262936.227486,324300,5,916534768,916581104,192.168.88.253,43692,192,,congestion_avoidance,
3237,262936.240115,324400,5,916822920,916870704,192.168.88.253,43692,194,,congestion_avoidance,
3238,262936.262663,324500,5,917115416,917161752,192.168.88.253,43692,186,,congestion_avoidance,
3239,262936.272334,324600,5,917403568,917449904,192.168.88.253,43692,206,,congestion_avoidance,
3240,262936.281653,324700,5,917683032,917732264,192.168.88.253,43692,204,,congestion_avoidance,
3241,262936.291102,324800,5,917965392,918011728,192.168.88.253,43692,195,,congestion_avoidance,
3242,262936.300594,324900,5,918249200,918295536,192.168.88.253,43692,192,,congestion_avoidance,
3243,262936.310045,325000,5,918531560,918580792,192.168.88.253,43692,205,,congestion_avoidance,
3244,262936.319783,325100,5,918822608,918868944,192.168.88.253,43692,191,,congestion_avoidance,
3245,262936.338775,325300,5,919390224,919436560,192.168.88.253,43692,197,,congestion_avoidance,
3246,262936.348288,325400,5,919674032,919720368,192.168.88.253,43692,211,,congestion_avoidance,
3247,262936.357731,325500,5,919956392,920002728,192.168.88.253,43692,186,,congestion_avoidance,
3248,262936.367218,325600,5,920240200,920286536,192.168.88.253,43692,201,,congestion_avoidance,
3249,262936.376657,325700,5,920522560,920568896,192.168.88.253,43692,187,,congestion_avoidance,
3250,262936.386174,325800,5,920806368,920852704,192.168.88.253,43692,208,,congestion_avoidance,
3251,262936.395602,325900,5,921088728,921135064,192.168.88.253,43692,186,,congestion_avoidance,
3252,262936.405147,326000,5,921373984,921420320,192.168.88.253,43692,194,,congestion_avoidance,
3253,262936.414555,326100,5,921654896,921701232,192.168.88.253,43692,251,,congestion_avoidance,
3254,262936.424137,326200,5,921941600,921989384,192.168.88.253,43692,194,,congestion_avoidance,
3255,262936.433546,326300,5,922222512,922268848,192.168.88.253,43692,201,,congestion_avoidance,
3256,262936.443023,326400,5,922504872,922552656,192.168.88.253,43692,229,,congestion_avoidance,
3257,262936.452386,326500,5,922785784,922832120,192.168.88.253,43692,196,,congestion_avoidance,
3258,262936.461780,326600,5,923066696,923113032,192.168.88.253,43692,190,,congestion_avoidance,
3259,262936.471275,326700,5,923350504,923396840,192.168.88.253,43692,191,,congestion_avoidance,
3260,262936.480775,326800,5,923634312,923680648,192.168.88.253,43692,173,,congestion_avoidance,
3261,262936.490172,326900,5,923915224,923961560,192.168.88.253,43692,191,,congestion_avoidance,
3262,262936.499765,327000,5,924201928,924248264,192.168.88.253,43692,191,,congestion_avoidance,
3263,262936.509272,327100,5,924485736,924532072,192.168.88.253,43692,194,,congestion_avoidance,
3264,262936.518708,327200,5,924768096,924814432,192.168.88.253,43692,190,,congestion_avoidance,
3265,262936.528107,327300,5,925049008,925098240,192.168.88.253,43692,173,,congestion_avoidance,
3266,262936.537598,327400,5,925332816,925379152,192.168.88.253,43692,180,,congestion_avoidance,
3267,262936.547053,327500,5,925615176,925661512,192.168.88.253,43692,190,,congestion_avoidance,
3268,262936.556642,327600,5,925901880,925949664,192.168.88.253,43692,193,,congestion_avoidance,
3269,262936.565993,327700,5,926181344,926227680,192.168.88.253,43692,196,,congestion_avoidance,
3270,262936.575391,327800,5,926462256,926510040,192.168.88.253,43692,189,,congestion_avoidance,
3271,262936.584846,327900,5,926744616,926790952,192.168.88.253,43692,199,,congestion_avoidance,
3272,262936.594239,328000,5,927025528,927071864,192.168.88.253,43692,193,,congestion_avoidance,
3273,262936.603737,328100,5,927309336,927355672,192.168.88.253,43692,239,,congestion_avoidance,
3274,262936.613130,328200,5,927590248,927636584,192.168.88.253,43692,192,,congestion_avoidance,
3275,262936.622626,328300,5,927874056,927920392,192.168.88.253,43692,191,,congestion_avoidance,
3276,262936.632119,328400,5,928157864,928205648,192.168.88.253,43692,189,,congestion_avoidance,
3277,262936.641574,328500,5,928440224,928486560,192.168.88.253,43692,195,,congestion_avoidance,
3278,262936.651030,328600,5,928722584,928768920,192.168.88.253,43692,227,,congestion_avoidance,
3279,262936.660525,328700,5,929006392,929054176,192.168.88.253,43692,191,,congestion_avoidance,
3280,262936.669973,328800,5,929288752,929335088,192.168.88.253,43692,193,,congestion_avoidance,
3281,262936.679424,328900,5,929571112,929617448,192.168.88.253,43692,195,,congestion_avoidance,
3282,262936.688868,329000,5,929853472,929899808,192.168.88.253,43692,193,,congestion_avoidance,
3283,262936.698270,329100,5,930134384,930180720,192.168.88.253,43692,193,,congestion_avoidance,
3284,262936.707722,329200,5,930416744,930463080,192.168.88.253,43692,196,,congestion_avoidance,
3285,262936.717167,329300,5,930699104,930745440,192.168.88.253,43692,193,,congestion_avoidance,
3286,262936.726515,329400,5,930978568,931024904,192.168.88.253,43692,191,,congestion_avoidance,
3287,262936.735914,329500,5,931259480,931305816,192.168.88.253,43692,241,,congestion_avoidance,
3288,262936.745362,329600,5,931541840,931588176,192.168.88.253,43692,194,,congestion_avoidance,
3289,262936.754757,329700,5,931822752,931869088,192.168.88.253,43692,190,,congestion_avoidance,
3290,262936.764253,329800,5,932106560,932154344,192.168.88.253,43692,190,,congestion_avoidance,
3291,262936.773605,329900,5,932386024,932432360,192.168.88.253,43692,190,,congestion_avoidance,
3292,262936.783100,330000,5,932669832,932716168,192.168.88.253,43692,192,,congestion_avoidance,
3293,262936.792641,330100,5,932955088,933002872,192.168.88.253,43692,188,,congestion_avoidance,
3294,262936.802142,330200,5,933238896,933285232,192.168.88.253,43692,193,,congestion_avoidance,
3295,262936.811637,330300,5,933522704,933569040,192.168.88.253,43692,192,,congestion_avoidance,
3296,262936.821132,330400,5,933806512,933852848,192.168.88.253,43692,237,,congestion_avoidance,
3297,262936.830580,330500,5,934088872,934135208,192.168.88.253,43692,193,,congestion_avoidance,
3298,262936.839940,330600,5,934368336,934414672,192.168.88.253,43692,212,,congestion_avoidance,
3299,262936.849426,330700,5,934652144,934699928,192.168.88.253,43692,187,,congestion_avoidance,
3300,262936.858729,330800,5,934930160,934976496,192.168.88.253,43692,191,,congestion_avoidance,
3301,262936.868196,330900,5,935212520,935260304,192.168.88.253,43692,213,,congestion_avoidance,
3302,262936.877576,331000,5,935493432,935539768,192.168.88.253,43692,188,,congestion_avoidance,
3303,262936.886977,331100,5,935774344,935820680,192.168.88.253,43692,189,,congestion_avoidance,
3304,262936.896478,331200,5,936058152,936104488,192.168.88.253,43692,171,,congestion_avoidance,
3305,262936.906022,331300,5,936343408,936389744,192.168.88.253,43692,195,,congestion_avoidance,
3306,262936.915466,331400,5,936625768,936672104,192.168.88.253,43692,187,,congestion_avoidance,
3307,262936.924865,331500,5,936906680,936953016,192.168.88.253,43692,192,,congestion_avoidance,
3308,262936.934457,331600,5,937193384,937239720,192.168.88.253,43692,190,,congestion_avoidance,
3309,262936.943857,331700,5,937474296,937520632,192.168.88.253,43692,195,,congestion_avoidance,
3310,262936.953353,331800,5,937758104,937804440,192.168.88.253,43692,193,,congestion_avoidance,
3311,262936.962899,331900,5,938043360,938089696,192.168.88.253,43692,196,,congestion_avoidance,
3312,262936.972392,332000,5,938327168,938373504,192.168.88.253,43692,190,,congestion_avoidance,
3313,262936.981888,332100,5,938610976,938657312,192.168.88.253,43692,192,,congestion_avoidance,
3314,262936.991336,332200,5,938893336,938939672,192.168.88.253,43692,194,,congestion_avoidance,
3315,262937.000781,332300,5,939175696,939222032,192.168.88.253,43692,192,,congestion_avoidance,
3316,262937.010195,332400,5,939456608,939502944,192.168.88.253,43692,206,,congestion_avoidance,
3317,262937.019678,332500,5,939740416,939786752,192.168.88.253,43692,189,,congestion_avoidance,
3318,262937.029173,332600,5,940024224,940070560,192.168.88.253,43692,194,,congestion_avoidance,
3319,262937.038623,332700,5,940306584,940354368,192.168.88.253,43692,194,,congestion_avoidance,
3320,262937.047969,332800,5,940586048,940632384,192.168.88.253,43692,190,,congestion_avoidance,
3321,262937.057274,332900,5,940864064,940910400,192.168.88.253,43692,206,,congestion_avoidance,
3322,262937.066722,333000,5,941146424,941194208,192.168.88.253,43692,192,,congestion_avoidance,
3323,262937.076220,333100,5,941430232,941476568,192.168.88.253,43692,193,,congestion_avoidance,
3324,262937.085619,333200,5,941711144,941757480,192.168.88.253,43692,195,,congestion_avoidance,
3325,262937.095116,333300,5,941994952,942041288,192.168.88.253,43692,198,,congestion_avoidance,
3326,262937.104463,333400,5,942274416,942320752,192.168.88.253,43692,195,,congestion_avoidance,
3327,262937.113859,333500,5,942555328,942601664,192.168.88.253,43692,243,,congestion_avoidance,
3328,262937.123404,333600,5,942840584,942886920,192.168.88.253,43692,192,,congestion_avoidance,
3329,262937.132756,333700,5,943120048,943166384,192.168.88.253,43692,194,,congestion_avoidance,
3330,262937.142152,333800,5,943400960,943448744,192.168.88.253,43692,195,,congestion_avoidance,
3331,262937.151605,333900,5,943683320,943729656,192.168.88.253,43692,193,,congestion_avoidance,
3332,262937.162073,334000,5,943964232,944007672,192.168.88.253,43692,118,,congestion_avoidance,
3333,262937.171403,334100,5,944250936,944300168,192.168.88.253,43692,197,,congestion_avoidance,
3334,262937.180856,334200,5,944533296,944579632,192.168.88.253,43692,192,,congestion_avoidance,
3335,262937.190227,334300,5,944812760,944861992,192.168.88.253,43692,265,,congestion_avoidance,
3336,262937.199704,334400,5,945096568,945142904,192.168.88.253,43692,196,,congestion_avoidance,
3337,262937.209005,334500,5,945374584,945420920,192.168.88.253,43692,192,,congestion_avoidance,
3338,262937.218643,334600,5,945662736,945709072,192.168.88.253,43692,190,,congestion_avoidance,
3339,262937.228042,334700,5,945943648,945989984,192.168.88.253,43692,192,,congestion_avoidance,
3340,262937.237489,334800,5,946226008,946272344,192.168.88.253,43692,190,,congestion_avoidance,
3341,262937.246987,334900,5,946509816,946556152,192.168.88.253,43692,245,,congestion_avoidance,
3342,262937.256481,335000,5,946793624,946839960,192.168.88.253,43692,187,,congestion_avoidance,
3343,262937.265979,335100,5,947077432,947123768,192.168.88.253,43692,193,,congestion_avoidance,
3344,262937.275472,335200,5,947361240,947407576,192.168.88.253,43692,187,,congestion_avoidance,
3345,262937.285024,335300,5,947646496,947692832,192.168.88.253,43692,201,,congestion_avoidance,
3346,262937.294417,335400,5,947927408,947973744,192.168.88.253,43692,191,,congestion_avoidance,
3347,262937.303819,335500,5,948208320,948254656,192.168.88.253,43692,197,,congestion_avoidance,
3348,262937.313267,335600,5,948490680,948537016,192.168.88.253,43692,197,,congestion_avoidance,
3349,262937.322564,335700,5,948768696,948815032,192.168.88.253,43692,205,,congestion_avoidance,
3350,262937.332013,335800,5,949051056,949098840,192.168.88.253,43692,196,,congestion_avoidance,
3351,262937.341413,335900,5,949331968,949378304,192.168.88.253,43692,192,,congestion_avoidance,
3352,262937.360381,336100,5,949896688,949943024,192.168.88.253,43692,183,,congestion_avoidance,
3353,262937.369876,336200,5,950180496,950226832,192.168.88.253,43692,193,,congestion_avoidance,
3354,262937.379323,336300,5,950462856,950509192,192.168.88.253,43692,194,,congestion_avoidance,
3355,262937.388676,336400,5,950742320,950790104,192.168.88.253,43692,193,,congestion_avoidance,
3356,262937.398169,336500,5,951026128,951072464,192.168.88.253,43692,196,,congestion_avoidance,
3357,262937.407615,336600,5,951308488,951354824,192.168.88.253,43692,190,,congestion_avoidance,
3358,262937.417062,336700,5,951590848,951637184,192.168.88.253,43692,242,,congestion_avoidance,
3359,262937.426507,336800,5,951873208,951919544,192.168.88.253,43692,185,,congestion_avoidance,
3360,262937.435908,336900,5,952154120,952200456,192.168.88.253,43692,185,,congestion_avoidance,
3361,262937.445312,337000,5,952435032,952481368,192.168.88.253,43692,198,,congestion_avoidance,
3362,262937.454706,337100,5,952715944,952762280,192.168.88.253,43692,189,,congestion_avoidance,
3363,262937.464203,337200,5,952999752,953046088,192.168.88.253,43692,195,,congestion_avoidance,
3364,262937.473745,337300,5,953285008,953332792,192.168.88.253,43692,193,,congestion_avoidance,
3365,262937.483143,337400,5,953565920,953612256,192.168.88.253,43692,180,,congestion_avoidance,
3366,262937.492499,337500,5,953845384,953893168,192.168.88.253,43692,193,,congestion_avoidance,
3367,262937.501894,337600,5,954126296,954172632,192.168.88.253,43692,193,,congestion_avoidance,
3368,262937.511295,337700,5,954407208,954453544,192.168.88.253,43692,189,,congestion_avoidance,
3369,262937.520770,337800,5,954691016,954740248,192.168.88.253,43692,192,,congestion_avoidance,
3370,262937.530144,337900,5,954970480,955016816,192.168.88.253,43692,199,,congestion_avoidance,
3371,262937.539537,338000,5,955251392,955297728,192.168.88.253,43692,194,,congestion_avoidance,
3372,262937.549038,338100,5,955535200,955581536,192.168.88.253,43692,191,,congestion_avoidance,
3373,262937.561943,338200,5,955819008,955865344,192.168.88.253,43692,191,,congestion_avoidance,
3374,262937.571441,338300,5,956102816,956149152,192.168.88.253,43692,192,,congestion_avoidance,
3375,262937.580934,338400,5,956386624,956432960,192.168.88.253,43692,191,,congestion_avoidance,
3376,262937.590387,338500,5,956668984,956715320,192.168.88.253,43692,196,,congestion_avoidance,
3377,262937.599733,338600,5,956948448,956994784,192.168.88.253,43692,191,,congestion_avoidance,
3378,262937.609227,338700,5,957232256,957278592,192.168.88.253,43692,191,,congestion_avoidance,
3379,262937.618726,338800,5,957516064,957562400,192.168.88.253,43692,187,,congestion_avoidance,
3380,262937.628125,338900,5,957796976,957844760,192.168.88.253,43692,194,,congestion_avoidance,
3381,262937.637571,339000,5,958079336,958125672,192.168.88.253,43692,191,,congestion_avoidance,
3382,262937.646975,339100,5,958360248,958406584,192.168.88.253,43692,192,,congestion_avoidance,
3383,262937.656568,339200,5,958646952,958693288,192.168.88.253,43692,191,,congestion_avoidance,
3384,262937.666065,339300,5,958930760,958977096,192.168.88.253,43692,192,,congestion_avoidance,
3385,262937.675560,339400,5,959214568,959260904,192.168.88.253,43692,188,,congestion_avoidance,
3386,262937.685008,339500,5,959496928,959544712,192.168.88.253,43692,189,,congestion_avoidance,
3387,262937.694413,339600,5,959777840,959824176,192.168.88.253,43692,197,,congestion_avoidance,
3388,262937.703809,339700,5,960058752,960105088,192.168.88.253,43692,191,,congestion_avoidance,
3389,262937.713146,339800,5,960338216,960387448,192.168.88.253,43692,197,,congestion_avoidance,
3390,262937.722556,339900,5,960619128,960665464,192.168.88.253,43692,193,,congestion_avoidance,
3391,262937.732052,340000,5,960902936,960949272,192.168.88.253,43692,192,,congestion_avoidance,
3392,262937.741551,340100,5,961186744,961234528,192.168.88.253,43692,186,,congestion_avoidance,
3393,262937.750996,340200,5,961469104,961515440,192.168.88.253,43692,193,,congestion_avoidance,
3394,262937.760397,340300,5,961750016,961796352,192.168.88.253,43692,193,,congestion_avoidance,
3395,262937.769842,340400,5,962032376,962078712,192.168.88.253,43692,194,,congestion_avoidance,
3396,262937.779437,340500,5,962319080,962365416,192.168.88.253,43692,195,,congestion_avoidance,
3397,262937.788785,340600,5,962598544,962644880,192.168.88.253,43692,190,,congestion_avoidance,
3398,262937.798285,340700,5,962882352,962928688,192.168.88.253,43692,193,,congestion_avoidance,
3399,262937.807727,340800,5,963164712,963211048,192.168.88.253,43692,193,,congestion_avoidance,
3400,262937.817180,340900,5,963447072,963493408,192.168.88.253,43692,197,,congestion_avoidance,
3401,262937.826670,341000,5,963730880,963777216,192.168.88.253,43692,188,,congestion_avoidance,
3402,262937.836023,341100,5,964010344,964056680,192.168.88.253,43692,192,,congestion_avoidance,
3403,262937.845426,341200,5,964291256,964337592,192.168.88.253,43692,243,,congestion_avoidance,
3404,262937.864411,341400,5,964858872,964905208,192.168.88.253,43692,184,,congestion_avoidance,
3405,262937.873862,341500,5,965141232,965187568,192.168.88.253,43692,237,,congestion_avoidance,
3406,262937.883309,341600,5,965423592,965469928,192.168.88.253,43692,193,,congestion_avoidance,
3407,262937.892655,341700,5,965701608,965750840,192.168.88.253,43692,285,,congestion_avoidance,
3408,262937.902060,341800,5,965983968,966030304,192.168.88.253,43692,196,,congestion_avoidance,
3409,262937.911456,341900,5,966264880,966311216,192.168.88.253,43692,191,,congestion_avoidance,
3410,262937.920805,342000,5,966544344,966590680,192.168.88.253,43692,245,,congestion_avoidance,
3411,262937.930203,342100,5,966825256,966871592,192.168.88.253,43692,193,,congestion_avoidance,
3412,262937.939698,342200,5,967109064,967155400,192.168.88.253,43692,192,,congestion_avoidance,
3413,262937.949154,342300,5,967391424,967437760,192.168.88.253,43692,236,,congestion_avoidance,
3414,262937.958656,342400,5,967675232,967721568,192.168.88.253,43692,200,,congestion_avoidance,
3415,262937.968096,342500,5,967957592,968003928,192.168.88.253,43692,194,,congestion_avoidance,
3416,262937.977492,342600,5,968238504,968286288,192.168.88.253,43692,188,,congestion_avoidance,
3417,262937.986845,342700,5,968517968,968564304,192.168.88.253,43692,189,,congestion_avoidance,
3418,262937.996247,342800,5,968798880,968845216,192.168.88.253,43692,196,,congestion_avoidance,
3419,262938.005637,342900,5,969079792,969126128,192.168.88.253,43692,185,,congestion_avoidance,
3420,262938.014992,343000,5,969359256,969405592,192.168.88.253,43692,192,,congestion_avoidance,
3421,262938.024398,343100,5,969640168,969687952,192.168.88.253,43692,198,,congestion_avoidance,
3422,262938.033744,343200,5,969919632,969965968,192.168.88.253,43692,193,,congestion_avoidance,
3423,262938.043141,343300,5,970200544,970246880,192.168.88.253,43692,191,,congestion_avoidance,
3424,262938.052588,343400,5,970482904,970529240,192.168.88.253,43692,193,,congestion_avoidance,
3425,262938.062028,343500,5,970765264,970811600,192.168.88.253,43692,192,,congestion_avoidance,
3426,262938.071380,343600,5,971044728,971091064,192.168.88.253,43692,239,,congestion_avoidance,
3427,262938.080778,343700,5,971325640,971371976,192.168.88.253,43692,192,,congestion_avoidance,
3428,262938.090631,343800,5,971613792,971660128,192.168.88.253,43692,164,,congestion_avoidance,
3429,262938.100071,343900,5,971896152,971943936,192.168.88.253,43692,183,,congestion_avoidance,
3430,262938.109673,344000,5,972182856,972229192,192.168.88.253,43692,194,,congestion_avoidance,
3431,262938.119599,344100,5,972469560,972515896,192.168.88.253,43692,191,,congestion_avoidance,
3432,262938.129039,344200,5,972751920,972801152,192.168.88.253,43692,182,,congestion_avoidance,
3433,262938.138542,344300,5,973035728,973082064,192.168.88.253,43692,190,,congestion_avoidance,
3434,262938.147996,344400,5,973318088,973364424,192.168.88.253,43692,193,,congestion_avoidance,
3435,262938.157440,344500,5,973600448,973648232,192.168.88.253,43692,186,,congestion_avoidance,
3436,262938.166894,344600,5,973882808,973929144,192.168.88.253,43692,191,,congestion_avoidance,
3437,262938.176390,344700,5,974166616,974212952,192.168.88.253,43692,196,,congestion_avoidance,
3438,262938.185791,344800,5,974447528,974493864,192.168.88.253,43692,190,,congestion_avoidance,
3439,262938.195241,344900,5,974729888,974776224,192.168.88.253,43692,177,,congestion_avoidance,
3440,262938.204637,345000,5,975010800,975058584,192.168.88.253,43692,190,,congestion_avoidance,
3441,262938.214083,345100,5,975293160,975339496,192.168.88.253,43692,172,,congestion_avoidance,
3442,262938.223577,345200,5,975576968,975623304,192.168.88.253,43692,189,,congestion_avoidance,
3443,262938.232982,345300,5,975857880,975905664,192.168.88.253,43692,191,,congestion_avoidance,
3444,262938.242478,345400,5,976141688,976188024,192.168.88.253,43692,190,,congestion_avoidance,
3445,262938.251970,345500,5,976425496,976471832,192.168.88.253,43692,190,,congestion_avoidance,
3446,262938.261333,345600,5,976704960,976751296,192.168.88.253,43692,247,,congestion_avoidance,
3447,262938.270727,345700,5,976985872,977032208,192.168.88.253,43692,192,,congestion_avoidance,
3448,262938.280213,345800,5,977269680,977316016,192.168.88.253,43692,199,,congestion_avoidance,
3449,262938.289758,345900,5,977554936,977602720,192.168.88.253,43692,189,,congestion_avoidance,
3450,262938.299159,346000,5,977835848,977882184,192.168.88.253,43692,194,,congestion_avoidance,
3451,262938.308558,346100,5,978116760,978163096,192.168.88.253,43692,189,,congestion_avoidance,
3452,262938.318201,346200,5,978404912,978452696,192.168.88.253,43692,188,,congestion_avoidance,
3453,262938.327695,346300,5,978688720,978735056,192.168.88.253,43692,188,,congestion_avoidance,
3454,262938.337139,346400,5,978971080,979017416,192.168.88.253,43692,187,,congestion_avoidance,
3455,262938.346592,346500,5,979253440,979299776,192.168.88.253,43692,190,,congestion_avoidance,
3456,262938.356045,346600,5,979535800,979582136,192.168.88.253,43692,194,,congestion_avoidance,
3457,262938.365533,346700,5,979818160,979865944,192.168.88.253,43692,233,,congestion_avoidance,
3458,262938.374885,346800,5,980099072,980145408,192.168.88.253,43692,193,,congestion_avoidance,
3459,262938.384246,346900,5,980378536,980424872,192.168.88.253,43692,189,,congestion_avoidance,
3460,262938.393607,347000,5,980658000,980707232,192.168.88.253,43692,198,,congestion_avoidance,
3461,262938.402980,347100,5,980938912,980985248,192.168.88.253,43692,188,,congestion_avoidance,
3462,262938.412386,347200,5,981219824,981266160,192.168.88.253,43692,193,,congestion_avoidance,
3463,262938.421780,347300,5,981500736,981547072,192.168.88.253,43692,190,,congestion_avoidance,
3464,262938.431179,347400,5,981781648,981827984,192.168.88.253,43692,193,,congestion_avoidance,
3465,262938.440582,347500,5,982062560,982108896,192.168.88.253,43692,240,,congestion_avoidance,
3466,262938.450028,347600,5,982344920,982391256,192.168.88.253,43692,199,,congestion_avoidance,
3467,262938.459574,347700,5,982630176,982676512,192.168.88.253,43692,191,,congestion_avoidance,
3468,262938.469208,347800,5,982918328,982966112,192.168.88.253,43692,191,,congestion_avoidance,
3469,262938.478660,347900,5,983200688,983247024,192.168.88.253,43692,193,,congestion_avoidance,
3470,262938.488056,348000,5,983481600,983527936,192.168.88.253,43692,188,,congestion_avoidance,
3471,262938.497559,348100,5,983765408,983813192,192.168.88.253,43692,174,,congestion_avoidance,
3472,262938.506951,348200,5,984046320,984092656,192.168.88.253,43692,167,,congestion_avoidance,
3473,262938.516447,348300,5,984330128,984376464,192.168.88.253,43692,186,,congestion_avoidance,
3474,262938.525942,348400,5,984613936,984661720,192.168.88.253,43692,192,,congestion_avoidance,
3475,262938.535365,348500,5,984894848,984941184,192.168.88.253,43692,216,,congestion_avoidance,
3476,262938.544694,348600,5,985174312,985220648,192.168.88.253,43692,192,,congestion_avoidance,
3477,262938.554192,348700,5,985458120,985504456,192.168.88.253,43692,187,,congestion_avoidance,
3478,262938.563790,348800,5,985744824,985791160,192.168.88.253,43692,196,,congestion_avoidance,
3479,262938.573381,348900,5,986031528,986077864,192.168.88.253,43692,196,,congestion_avoidance,
3480,262938.582776,349000,5,986312440,986358776,192.168.88.253,43692,192,,congestion_avoidance,
3481,262938.592079,349100,5,986590456,986636792,192.168.88.253,43692,189,,congestion_avoidance,
3482,262938.601573,349200,5,986874264,986923496,192.168.88.253,43692,204,,congestion_avoidance,
3483,262938.610926,349300,5,987153728,987200064,192.168.88.253,43692,188,,congestion_avoidance,
3484,262938.620483,349400,5,987438984,987485320,192.168.88.253,43692,128,,congestion_avoidance,
3485,262938.630060,349500,5,987725688,987773472,192.168.88.253,43692,191,,congestion_avoidance,
3486,262938.639509,349600,5,988006600,988052936,192.168.88.253,43692,238,,congestion_avoidance,
3487,262938.649095,349700,5,988293304,988339640,192.168.88.253,43692,119,,congestion_avoidance,
3488,262938.658507,349800,5,988575664,988622000,192.168.88.253,43692,185,,congestion_avoidance,
3489,262938.667963,349900,5,988858024,988904360,192.168.88.253,43692,190,,congestion_avoidance,
3490,262938.677408,350000,5,989140384,989186720,192.168.88.253,43692,192,,congestion_avoidance,
3491,262938.686900,350100,5,989424192,989470528,192.168.88.253,43692,190,,congestion_avoidance,
3492,262938.696206,350200,5,989702208,989748544,192.168.88.253,43692,201,,congestion_avoidance,
3493,262938.705602,350300,5,989983120,990029456,192.168.88.253,43692,243,,congestion_avoidance,
3494,262938.714957,350400,5,990262584,990308920,192.168.88.253,43692,194,,congestion_avoidance,
3495,262938.724553,350500,5,990546392,990592728,192.168.88.253,43692,120,,congestion_avoidance,
3496,262938.733949,350600,5,990830200,990877984,192.168.88.253,43692,193,,congestion_avoidance,
3497,262938.743347,350700,5,991111112,991157448,192.168.88.253,43692,194,,congestion_avoidance,
3498,262938.752844,350800,5,991394920,991441256,192.168.88.253,43692,194,,congestion_avoidance,
3499,262938.762293,350900,5,991677280,991723616,192.168.88.253,43692,195,,congestion_avoidance,
3500,262938.772236,351000,5,991969776,992016112,192.168.88.253,43692,188,,congestion_avoidance,
3501,262938.781975,351100,5,992260824,992307160,192.168.88.253,43692,189,,congestion_avoidance,
3502,262938.791528,351200,5,992546080,992592416,192.168.88.253,43692,243,,congestion_avoidance,
3503,262938.801426,351300,5,992837128,992883464,192.168.88.253,43692,194,,congestion_avoidance,
3504,262938.812091,351400,5,993125280,993171616,192.168.88.253,43692,173,,congestion_avoidance,
3505,262938.821684,351500,5,993409088,993456872,192.168.88.253,43692,284,,congestion_avoidance,
3506,262938.831037,351600,5,993691448,993737784,192.168.88.253,43692,195,,congestion_avoidance,
3507,262938.841053,351700,5,993986840,994033176,192.168.88.253,43692,210,,congestion_avoidance,
3508,262938.850457,351800,5,994267752,994314088,192.168.88.253,43692,262,,congestion_avoidance,
3509,262938.860319,351900,5,994555904,994603688,192.168.88.253,43692,197,,congestion_avoidance,
3510,262938.879248,352100,5,995120624,995168408,192.168.88.253,43692,228,,congestion_avoidance,
3511,262938.888803,352200,5,995404432,995450768,192.168.88.253,43692,193,,congestion_avoidance,
3512,262938.898156,352300,5,995683896,995730232,192.168.88.253,43692,195,,congestion_avoidance,
3513,262938.907505,352400,5,995963360,996009696,192.168.88.253,43692,237,,congestion_avoidance,
3514,262938.916954,352500,5,996245720,996292056,192.168.88.253,43692,196,,congestion_avoidance,
3515,262938.926311,352600,5,996525184,996571520,192.168.88.253,43692,253,,congestion_avoidance,
3516,262938.935754,352700,5,996807544,996853880,192.168.88.253,43692,190,,congestion_avoidance,
3517,262938.945204,352800,5,997089904,997136240,192.168.88.253,43692,198,,congestion_avoidance,
3518,262938.954645,352900,5,997372264,997418600,192.168.88.253,43692,182,,congestion_avoidance,
3519,262938.964203,353000,5,997657520,997705304,192.168.88.253,43692,205,,congestion_avoidance,
3520,262938.973588,353100,5,997938432,997984768,192.168.88.253,43692,193,,congestion_avoidance,
3521,262938.982938,353200,5,998217896,998265680,192.168.88.253,43692,192,,congestion_avoidance,
3522,262938.992340,353300,5,998498808,998545144,192.168.88.253,43692,193,,congestion_avoidance,
3523,262939.001881,353400,5,998784064,998830400,192.168.88.253,43692,193,,congestion_avoidance,
3524,262939.011427,353500,5,999069320,999117104,192.168.88.253,43692,190,,congestion_avoidance,
3525,262939.020871,353600,5,999351680,999398016,192.168.88.253,43692,192,,congestion_avoidance,
3526,262939.030275,353700,5,999632592,999678928,192.168.88.253,43692,195,,congestion_avoidance,
3527,262939.039625,353800,5,999912056,999961288,192.168.88.253,43692,199,,congestion_avoidance,
3528,262939.049120,353900,5,1000195864,1000242200,192.168.88.253,43692,192,,congestion_avoidance,
3529,262939.058614,354000,5,1000479672,1000526008,192.168.88.253,43692,193,,congestion_avoidance,
3530,262939.068054,354100,5,1000762032,1000811264,192.168.88.253,43692,192,,congestion_avoidance,
3531,262939.077561,354200,5,1001045840,1001092176,192.168.88.253,43692,194,,congestion_avoidance,
3532,262939.087006,354300,5,1001328200,1001374536,192.168.88.253,43692,193,,congestion_avoidance,
3533,262939.096406,354400,5,1001609112,1001655448,192.168.88.253,43692,187,,congestion_avoidance,
3534,262939.105996,354500,5,1001895816,1001942152,192.168.88.253,43692,191,,congestion_avoidance,
3535,262939.115397,354600,5,1002176728,1002223064,192.168.88.253,43692,187,,congestion_avoidance,
3536,262939.124839,354700,5,1002459088,1002505424,192.168.88.253,43692,185,,congestion_avoidance,
3537,262939.134389,354800,5,1002744344,1002790680,192.168.88.253,43692,176,,congestion_avoidance,
3538,262939.143735,354900,5,1003023808,1003070144,192.168.88.253,43692,192,,congestion_avoidance,
3539,262939.153377,355000,5,1003310512,1003356848,192.168.88.253,43692,234,,congestion_avoidance,
3540,262939.162693,355100,5,1003589976,1003636312,192.168.88.253,43692,196,,congestion_avoidance,
3541,262939.172140,355200,5,1003872336,1003918672,192.168.88.253,43692,191,,congestion_avoidance,
3542,262939.181589,355300,5,1004154696,1004201032,192.168.88.253,43692,194,,congestion_avoidance,
3543,262939.190943,355400,5,1004434160,1004480496,192.168.88.253,43692,183,,congestion_avoidance,
3544,262939.200375,355500,5,1004715072,1004762856,192.168.88.253,43692,224,,congestion_avoidance,
3545,262939.209784,355600,5,1004997432,1005043768,192.168.88.253,43692,192,,congestion_avoidance,
3546,262939.219185,355700,5,1005278344,1005324680,192.168.88.253,43692,193,,congestion_avoidance,
3547,262939.228682,355800,5,1005562152,1005608488,192.168.88.253,43692,183,,congestion_avoidance,
3548,262939.238139,355900,5,1005844512,1005890848,192.168.88.253,43692,196,,congestion_avoidance,
3549,262939.247573,356000,5,1006126872,1006173208,192.168.88.253,43692,183,,congestion_avoidance,
3550,262939.257047,356100,5,1006409232,1006455568,192.168.88.253,43692,219,,congestion_avoidance,
3551,262939.266616,356200,5,1006695936,1006742272,192.168.88.253,43692,192,,congestion_avoidance,
3552,262939.276068,356300,5,1006978296,1007024632,192.168.88.253,43692,238,,congestion_avoidance,
3553,262939.285657,356400,5,1007265000,1007311336,192.168.88.253,43692,191,,congestion_avoidance,
3554,262939.295152,356500,5,1007548808,1007595144,192.168.88.253,43692,192,,congestion_avoidance,
3555,262939.304553,356600,5,1007828272,1007874608,192.168.88.253,43692,281,,congestion_avoidance,
3556,262939.313853,356700,5,1008107736,1008154072,192.168.88.253,43692,192,,congestion_avoidance,
3557,262939.323254,356800,5,1008388648,1008434984,192.168.88.253,43692,187,,congestion_avoidance,
3558,262939.332747,356900,5,1008672456,1008718792,192.168.88.253,43692,190,,congestion_avoidance,
3559,262939.342247,357000,5,1008956264,1009002600,192.168.88.253,43692,193,,congestion_avoidance,
3560,262939.351848,357100,5,1009242968,1009289304,192.168.88.253,43692,203,,congestion_avoidance,
3561,262939.361334,357200,5,1009526776,1009574560,192.168.88.253,43692,154,,congestion_avoidance,
3562,262939.370840,357300,5,1009810584,1009856920,192.168.88.253,43692,203,,congestion_avoidance,
3563,262939.380427,357400,5,1010097288,1010143624,192.168.88.253,43692,158,,congestion_avoidance,
3564,262939.389936,357500,5,1010381096,1010427432,192.168.88.253,43692,259,,congestion_avoidance,
3565,262939.399459,357600,5,1010666352,1010712688,192.168.88.253,43692,185,,congestion_avoidance,
3566,262939.409053,357700,5,1010953056,1010999392,192.168.88.253,43692,193,,congestion_avoidance,
3567,262939.418554,357800,5,1011236864,1011283200,192.168.88.253,43692,247,,congestion_avoidance,
3568,262939.428044,357900,5,1011520672,1011567008,192.168.88.253,43692,193,,congestion_avoidance,
3569,262939.437445,358000,5,1011801584,1011847920,192.168.88.253,43692,168,,congestion_avoidance,
3570,262939.446841,358100,5,1012082496,1012128832,192.168.88.253,43692,192,,congestion_avoidance,
3571,262939.456298,358200,5,1012364856,1012411192,192.168.88.253,43692,203,,congestion_avoidance,
3572,262939.465808,358300,5,1012647216,1012695000,192.168.88.253,43692,141,,congestion_avoidance,
3573,262939.475431,358400,5,1012936816,1012984600,192.168.88.253,43692,197,,congestion_avoidance,
3574,262939.484923,358500,5,1013220624,1013266960,192.168.88.253,43692,193,,congestion_avoidance,
3575,262939.494466,358600,5,1013505880,1013552216,192.168.88.253,43692,185,,congestion_avoidance,
3576,262939.503952,358700,5,1013789688,1013838920,192.168.88.253,43692,190,,congestion_avoidance,
3577,262939.513523,358800,5,1014074944,1014121280,192.168.88.253,43692,200,,congestion_avoidance,
3578,262939.522959,358900,5,1014357304,1014403640,192.168.88.253,43692,192,,congestion_avoidance,
3579,262939.532401,359000,5,1014639664,1014686000,192.168.88.253,43692,235,,congestion_avoidance,
3580,262939.541896,359100,5,1014923472,1014969808,192.168.88.253,43692,191,,congestion_avoidance,
3581,262939.551342,359200,5,1015205832,1015252168,192.168.88.253,43692,186,,congestion_avoidance,
3582,262939.560792,359300,5,1015488192,1015534528,192.168.88.253,43692,240,,congestion_avoidance,
3583,262939.570242,359400,5,1015770552,1015816888,192.168.88.253,43692,197,,congestion_avoidance,
3584,262939.579639,359500,5,1016051464,1016097800,192.168.88.253,43692,192,,congestion_avoidance,
3585,262939.589130,359600,5,1016335272,1016383056,192.168.88.253,43692,189,,congestion_avoidance,
3586,262939.598579,359700,5,1016617632,1016663968,192.168.88.253,43692,189,,congestion_avoidance,
3587,262939.608031,359800,5,1016899992,1016946328,192.168.88.253,43692,175,,congestion_avoidance,
3588,262939.617567,359900,5,1017185248,1017233032,192.168.88.253,43692,188,,congestion_avoidance,
3589,262939.627068,360000,5,1017469056,1017515392,192.168.88.253,43692,188,,congestion_avoidance,
3590,262939.636515,360100,5,1017751416,1017797752,192.168.88.253,43692,199,,congestion_avoidance,
3591,262939.646049,360200,5,1018036672,1018085904,192.168.88.253,43692,194,,congestion_avoidance,
3592,262939.655463,360300,5,1018317584,1018363920,192.168.88.253,43692,187,,congestion_avoidance,
3593,262939.664863,360400,5,1018598496,1018644832,192.168.88.253,43692,192,,congestion_avoidance,
3594,262939.674463,360500,5,1018885200,1018932984,192.168.88.253,43692,183,,congestion_avoidance,
3595,262939.683830,360600,5,1019164664,1019211000,192.168.88.253,43692,212,,congestion_avoidance,
3596,262939.693399,360700,5,1019449920,1019497704,192.168.88.253,43692,236,,congestion_avoidance,
3597,262939.702722,360800,5,1019729384,1019775720,192.168.88.253,43692,197,,congestion_avoidance,
3598,262939.712009,360900,5,1020007400,1020053736,192.168.88.253,43692,179,,congestion_avoidance,
3599,262939.721407,361000,5,1020288312,1020336096,192.168.88.253,43692,192,,congestion_avoidance,
3600,262939.730857,361100,5,1020570672,1020617008,192.168.88.253,43692,193,,congestion_avoidance,
3601,262939.740312,361200,5,1020851584,1020899368,192.168.88.253,43692,248,,congestion_avoidance,
3602,262939.749654,361300,5,1021132496,1021178832,192.168.88.253,43692,184,,congestion_avoidance,
3603,262939.759151,361400,5,1021416304,1021462640,192.168.88.253,43692,194,,congestion_avoidance,
3604,262939.768687,361500,5,1021700112,1021745000,192.168.88.253,43692,220,,congestion_avoidance,
3605,262939.778045,361600,5,1021981024,1022027360,192.168.88.253,43692,192,,congestion_avoidance,
3606,262939.787496,361700,5,1022263384,1022309720,192.168.88.253,43692,195,,congestion_avoidance,
3607,262939.796986,361800,5,1022547192,1022593528,192.168.88.253,43692,192,,congestion_avoidance,
3608,262939.806492,361900,5,1022831000,1022877336,192.168.88.253,43692,198,,congestion_avoidance,
3609,262939.815791,362000,5,1023109016,1023155352,192.168.88.253,43692,198,,congestion_avoidance,
3610,262939.825232,362100,5,1023391376,1023439160,192.168.88.253,43692,185,,congestion_avoidance,
3611,262939.834678,362200,5,1023673736,1023720072,192.168.88.253,43692,167,,congestion_avoidance,
3612,262939.844112,362300,5,1023954648,1024002432,192.168.88.253,43692,225,,congestion_avoidance,
3613,262939.853573,362400,5,1024238456,1024284792,192.168.88.253,43692,189,,congestion_avoidance,
3614,262939.863020,362500,5,1024520816,1024567152,192.168.88.253,43692,172,,congestion_avoidance,
3615,262939.872564,362600,5,1024806072,1024852408,192.168.88.253,43692,189,,congestion_avoidance,
3616,262939.882115,362700,5,1025091328,1025139112,192.168.88.253,43692,195,,congestion_avoidance,
3617,262939.900994,362900,5,1025654600,1025702384,192.168.88.253,43692,225,,congestion_avoidance,
3618,262939.910308,363000,5,1025934064,1025980400,192.168.88.253,43692,192,,congestion_avoidance,
3619,262939.919806,363100,5,1026217872,1026264208,192.168.88.253,43692,196,,congestion_avoidance,
3620,262939.929441,363200,5,1026506024,1026553808,192.168.88.253,43692,186,,congestion_avoidance,
3621,262939.938891,363300,5,1026788384,1026834720,192.168.88.253,43692,186,,congestion_avoidance,
3622,262939.948387,363400,5,1027072192,1027118528,192.168.88.253,43692,188,,congestion_avoidance,
3623,262939.957785,363500,5,1027353104,1027399440,192.168.88.253,43692,192,,congestion_avoidance,
3624,262939.967329,363600,5,1027638360,1027684696,192.168.88.253,43692,192,,congestion_avoidance,
3625,262939.976731,363700,5,1027919272,1027965608,192.168.88.253,43692,190,,congestion_avoidance,
3626,262939.986131,363800,5,1028200184,1028246520,192.168.88.253,43692,192,,congestion_avoidance,
3627,262939.995622,363900,5,1028483992,1028530328,192.168.88.253,43692,192,,congestion_avoidance,
3628,262940.004973,364000,5,1028763456,1028809792,192.168.88.253,43692,169,,congestion_avoidance,
3629,262940.014417,364100,5,1029045816,1029093600,192.168.88.253,43692,187,,congestion_avoidance,
3630,262940.023725,364200,5,1029323832,1029370168,192.168.88.253,43692,193,,congestion_avoidance,
3631,262940.033172,364300,5,1029606192,1029652528,192.168.88.253,43692,192,,congestion_avoidance,
3632,262940.042666,364400,5,1029890000,1029936336,192.168.88.253,43692,189,,congestion_avoidance,
3633,262940.052115,364500,5,1030172360,1030218696,192.168.88.253,43692,193,,congestion_avoidance,
3634,262940.061560,364600,5,1030454720,1030501056,192.168.88.253,43692,192,,congestion_avoidance,
3635,262940.071007,364700,5,1030737080,1030783416,192.168.88.253,43692,189,,congestion_avoidance,
3636,262940.080407,364800,5,1031017992,1031064328,192.168.88.253,43692,196,,congestion_avoidance,
3637,262940.089837,364900,5,1031300352,1031349584,192.168.88.253,43692,193,,congestion_avoidance,
3638,262940.099254,365000,5,1031581264,1031627600,192.168.88.253,43692,194,,congestion_avoidance,
3639,262940.108697,365100,5,1031862176,1031909960,192.168.88.253,43692,234,,congestion_avoidance,
3640,262940.118102,365200,5,1032144536,1032190872,192.168.88.253,43692,193,,congestion_avoidance,
3641,262940.127499,365300,5,1032425448,1032471784,192.168.88.253,43692,192,,congestion_avoidance,
3642,262940.136992,365400,5,1032709256,1032757040,192.168.88.253,43692,190,,congestion_avoidance,
3643,262940.147219,365500,5,1032997408,1033043744,192.168.88.253,43692,251,,congestion_avoidance,
3644,262940.168727,365600,5,1033297144,1033343480,192.168.88.253,43692,191,,congestion_avoidance,
3645,262940.178471,365700,5,1033585296,1033631632,192.168.88.253,43692,173,,congestion_avoidance,
3646,262940.187968,365800,5,1033869104,1033915440,192.168.88.253,43692,194,,congestion_avoidance,
3647,262940.197418,365900,5,1034151464,1034197800,192.168.88.253,43692,199,,congestion_avoidance,
3648,262940.206907,366000,5,1034435272,1034481608,192.168.88.253,43692,183,,congestion_avoidance,
3649,262940.216456,366100,5,1034720528,1034768312,192.168.88.253,43692,185,,congestion_avoidance,
3650,262940.226052,366200,5,1035007232,1035053568,192.168.88.253,43692,198,,congestion_avoidance,
3651,262940.235497,366300,5,1035289592,1035335928,192.168.88.253,43692,189,,congestion_avoidance,
3652,262940.244996,366400,5,1035573400,1035619736,192.168.88.253,43692,241,,congestion_avoidance,
3653,262940.254543,366500,5,1035858656,1035904992,192.168.88.253,43692,197,,congestion_avoidance,
3654,262940.264040,366600,5,1036142464,1036188800,192.168.88.253,43692,196,,congestion_avoidance,
3655,262940.273535,366700,5,1036426272,1036472608,192.168.88.253,43692,191,,congestion_avoidance,
3656,262940.283081,366800,5,1036711528,1036757864,192.168.88.253,43692,192,,congestion_avoidance,
3657,262940.292525,366900,5,1036993888,1037040224,192.168.88.253,43692,187,,congestion_avoidance,
3658,262940.301934,367000,5,1037274800,1037321136,192.168.88.253,43692,192,,congestion_avoidance,
3659,262940.311423,367100,5,1037558608,1037604944,192.168.88.253,43692,188,,congestion_avoidance,
3660,262940.320921,367200,5,1037842416,1037888752,192.168.88.253,43692,189,,congestion_avoidance,
3661,262940.330399,367300,5,1038124776,1038171112,192.168.88.253,43692,225,,congestion_avoidance,
3662,262940.339843,367400,5,1038407136,1038453472,192.168.88.253,43692,196,,congestion_avoidance,
3663,262940.349269,367500,5,1038689496,1038735832,192.168.88.253,43692,192,,congestion_avoidance,
3664,262940.358765,367600,5,1038973304,1039019640,192.168.88.253,43692,190,,congestion_avoidance,
3665,262940.368064,367700,5,1039251320,1039297656,192.168.88.253,43692,192,,congestion_avoidance,
3666,262940.377460,367800,5,1039532232,1039580016,192.168.88.253,43692,186,,congestion_avoidance,
3667,262940.386811,367900,5,1039811696,1039858032,192.168.88.253,43692,190,,congestion_avoidance,
3668,262940.396361,368000,5,1040096952,1040143288,192.168.88.253,43692,158,,congestion_avoidance,
3669,262940.405857,368100,5,1040380760,1040427096,192.168.88.253,43692,191,,congestion_avoidance,
3670,262940.415211,368200,5,1040660224,1040706560,192.168.88.253,43692,200,,congestion_avoidance,
3671,262940.424655,368300,5,1040942584,1040988920,192.168.88.253,43692,194,,congestion_avoidance,
3672,262940.434100,368400,5,1041224944,1041271280,192.168.88.253,43692,194,,congestion_avoidance,
3673,262940.443501,368500,5,1041505856,1041552192,192.168.88.253,43692,188,,congestion_avoidance,
3674,262940.452895,368600,5,1041786768,1041833104,192.168.88.253,43692,236,,congestion_avoidance,
3675,262940.462252,368700,5,1042066232,1042112568,192.168.88.253,43692,196,,congestion_avoidance,
3676,262940.471670,368800,5,1042347144,1042396376,192.168.88.253,43692,262,,congestion_avoidance,
3677,262940.481094,368900,5,1042629504,1042675840,192.168.88.253,43692,193,,congestion_avoidance,
3678,262940.490497,369000,5,1042910416,1042956752,192.168.88.253,43692,191,,congestion_avoidance,
3679,262940.499939,369100,5,1043192776,1043239112,192.168.88.253,43692,190,,congestion_avoidance,
3680,262940.509438,369200,5,1043476584,1043522920,192.168.88.253,43692,193,,congestion_avoidance,
3681,262940.518888,369300,5,1043758944,1043805280,192.168.88.253,43692,192,,congestion_avoidance,
3682,262940.528287,369400,5,1044039856,1044086192,192.168.88.253,43692,244,,congestion_avoidance,
3683,262940.537686,369500,5,1044320768,1044367104,192.168.88.253,43692,193,,congestion_avoidance,
3684,262940.547110,369600,5,1044601680,1044650912,192.168.88.253,43692,263,,congestion_avoidance,
3685,262940.556626,369700,5,1044886936,1044934720,192.168.88.253,43692,193,,congestion_avoidance,
3686,262940.566023,369800,5,1045167848,1045214184,192.168.88.253,43692,192,,congestion_avoidance,
3687,262940.575505,369900,5,1045450208,1045497992,192.168.88.253,43692,222,,congestion_avoidance,
3688,262940.584871,370000,5,1045731120,1045777456,192.168.88.253,43692,190,,congestion_avoidance,
3689,262940.594225,370100,5,1046010584,1046056920,192.168.88.253,43692,198,,congestion_avoidance,
3690,262940.603764,370200,5,1046295840,1046342176,192.168.88.253,43692,188,,congestion_avoidance,
3691,262940.613161,370300,5,1046576752,1046623088,192.168.88.253,43692,192,,congestion_avoidance,
3692,262940.622610,370400,5,1046859112,1046905448,192.168.88.253,43692,192,,congestion_avoidance,
3693,262940.632106,370500,5,1047142920,1047189256,192.168.88.253,43692,245,,congestion_avoidance,
3694,262940.641651,370600,5,1047428176,1047474512,192.168.88.253,43692,197,,congestion_avoidance,
3695,262940.651102,370700,5,1047710536,1047756872,192.168.88.253,43692,194,,congestion_avoidance,
3696,262940.660597,370800,5,1047994344,1048042128,192.168.88.253,43692,192,,congestion_avoidance,
3697,262940.670058,370900,5,1048276704,1048323040,192.168.88.253,43692,196,,congestion_avoidance,
3698,262940.679505,371000,5,1048559064,1048605400,192.168.88.253,43692,190,,congestion_avoidance,
3699,262940.689000,371100,5,1048842872,1048890656,192.168.88.253,43692,193,,congestion_avoidance,
3700,262940.698442,371200,5,1049125232,1049171568,192.168.88.253,43692,194,,congestion_avoidance,
3701,262940.707890,371300,5,1049407592,1049453928,192.168.88.253,43692,192,,congestion_avoidance,
3702,262940.717336,371400,5,1049689952,1049736288,192.168.88.253,43692,241,,congestion_avoidance,
3703,262940.726833,371500,5,1049973760,1050020096,192.168.88.253,43692,192,,congestion_avoidance,
3704,262940.736330,371600,5,1050257568,1050303904,192.168.88.253,43692,190,,congestion_avoidance,
3705,262940.745825,371700,5,1050541376,1050587712,192.168.88.253,43692,191,,congestion_avoidance,
3706,262940.755272,371800,5,1050823736,1050870072,192.168.88.253,43692,193,,congestion_avoidance,
3707,262940.764721,371900,5,1051106096,1051152432,192.168.88.253,43692,194,,congestion_avoidance,
3708,262940.774119,372000,5,1051387008,1051433344,192.168.88.253,43692,243,,congestion_avoidance,
3709,262940.783566,372100,5,1051669368,1051715704,192.168.88.253,43692,191,,congestion_avoidance,
3710,262940.792918,372200,5,1051948832,1051995168,192.168.88.253,43692,206,,congestion_avoidance,
3711,262940.802367,372300,5,1052231192,1052278976,192.168.88.253,43692,180,,congestion_avoidance,
3712,262940.811764,372400,5,1052512104,1052558440,192.168.88.253,43692,192,,congestion_avoidance,
3713,262940.821113,372500,5,1052791568,1052839352,192.168.88.253,43692,184,,congestion_avoidance,
3714,262940.830515,372600,5,1053072480,1053118816,192.168.88.253,43692,190,,congestion_avoidance,
3715,262940.839914,372700,5,1053353392,1053399728,192.168.88.253,43692,196,,congestion_avoidance,
3716,262940.849364,372800,5,1053635752,1053682088,192.168.88.253,43692,245,,congestion_avoidance,
3717,262940.858853,372900,5,1053919560,1053965896,192.168.88.253,43692,192,,congestion_avoidance,
3718,262940.868353,373000,5,1054203368,1054249704,192.168.88.253,43692,192,,congestion_avoidance,
3719,262940.877844,373100,5,1054487176,1054533512,192.168.88.253,43692,191,,congestion_avoidance,
3720,262940.887655,373200,5,1054775328,1054821664,192.168.88.253,43692,133,,congestion_avoidance,
3721,262940.896980,373300,5,1055059136,1055105472,192.168.88.253,43692,185,,congestion_avoidance,
3722,262940.906385,373400,5,1055340048,1055386384,192.168.88.253,43692,190,,congestion_avoidance,
3723,262940.925235,373600,5,1055903320,1055949656,192.168.88.253,43692,196,,congestion_avoidance,
3724,262940.934727,373700,5,1056187128,1056234912,192.168.88.253,43692,192,,congestion_avoidance,
3725,262940.944134,373800,5,1056468040,1056514376,192.168.88.253,43692,197,,congestion_avoidance,
3726,262940.953576,373900,5,1056750400,1056796736,192.168.88.253,43692,190,,congestion_avoidance,
3727,262940.963068,374000,5,1057034208,1057080544,192.168.88.253,43692,186,,congestion_avoidance,
3728,262940.972560,374100,5,1057318016,1057364352,192.168.88.253,43692,189,,congestion_avoidance,
3729,262940.982011,374200,5,1057600376,1057646712,192.168.88.253,43692,194,,congestion_avoidance,
3730,262940.991509,374300,5,1057884184,1057931968,192.168.88.253,43692,190,,congestion_avoidance,
3731,262941.000953,374400,5,1058166544,1058212880,192.168.88.253,43692,191,,congestion_avoidance,
3732,262941.010258,374500,5,1058444560,1058490896,192.168.88.253,43692,193,,congestion_avoidance,
3733,262941.019689,374600,5,1058726920,1058776152,192.168.88.253,43692,184,,congestion_avoidance,
3734,262941.029112,374700,5,1059007832,1059054168,192.168.88.253,43692,194,,congestion_avoidance,
3735,262941.038507,374800,5,1059288744,1059335080,192.168.88.253,43692,192,,congestion_avoidance,
3736,262941.047956,374900,5,1059571104,1059617440,192.168.88.253,43692,189,,congestion_avoidance,
3737,262941.057451,375000,5,1059854912,1059901248,192.168.88.253,43692,191,,congestion_avoidance,
3738,262941.066847,375100,5,1060135824,1060183608,192.168.88.253,43692,189,,congestion_avoidance,
3739,262941.076349,375200,5,1060419632,1060465968,192.168.88.253,43692,184,,congestion_avoidance,
3740,262941.085795,375300,5,1060701992,1060748328,192.168.88.253,43692,188,,congestion_avoidance,
3741,262941.095289,375400,5,1060985800,1061032136,192.168.88.253,43692,191,,congestion_avoidance,
3742,262941.104740,375500,5,1061268160,1061314496,192.168.88.253,43692,193,,congestion_avoidance,
3743,262941.114038,375600,5,1061546176,1061592512,192.168.88.253,43692,192,,congestion_avoidance,
3744,262941.123438,375700,5,1061827088,1061876320,192.168.88.253,43692,204,,congestion_avoidance,
3745,262941.132833,375800,5,1062108000,1062154336,192.168.88.253,43692,189,,congestion_avoidance,
3746,262941.142183,375900,5,1062387464,1062435248,192.168.88.253,43692,191,,congestion_avoidance,
3747,262941.151638,376000,5,1062669824,1062716160,192.168.88.253,43692,195,,congestion_avoidance,
3748,262941.161035,376100,5,1062950736,1062997072,192.168.88.253,43692,189,,congestion_avoidance,
3749,262941.170489,376200,5,1063233096,1063279432,192.168.88.253,43692,189,,congestion_avoidance,
3750,262941.180089,376300,5,1063519800,1063566136,192.168.88.253,43692,177,,congestion_avoidance,
3751,262941.189576,376400,5,1063803608,1063849944,192.168.88.253,43692,164,,congestion_avoidance,
3752,262941.199030,376500,5,1064085968,1064132304,192.168.88.253,43692,195,,congestion_avoidance,
3753,262941.208570,376600,5,1064371224,1064417560,192.168.88.253,43692,192,,congestion_avoidance,
3754,262941.217925,376700,5,1064650688,1064697024,192.168.88.253,43692,190,,congestion_avoidance,
3755,262941.227610,376800,5,1064940288,1064986624,192.168.88.253,43692,190,,congestion_avoidance,
3756,262941.237104,376900,5,1065224096,1065270432,192.168.88.253,43692,189,,congestion_avoidance,
3757,262941.246601,377000,5,1065507904,1065554240,192.168.88.253,43692,190,,congestion_avoidance,
3758,262941.256051,377100,5,1065790264,1065836600,192.168.88.253,43692,192,,congestion_avoidance,
3759,262941.265590,377200,5,1066075520,1066123304,192.168.88.253,43692,186,,congestion_avoidance,
3760,262941.274995,377300,5,1066356432,1066402768,192.168.88.253,43692,196,,congestion_avoidance,
3761,262941.284392,377400,5,1066637344,1066683680,192.168.88.253,43692,188,,congestion_avoidance,
3762,262941.293991,377500,5,1066924048,1066970384,192.168.88.253,43692,198,,congestion_avoidance,
3763,262941.303431,377600,5,1067206408,1067252744,192.168.88.253,43692,196,,congestion_avoidance,
3764,262941.312919,377700,5,1067488768,1067536552,192.168.88.253,43692,231,,congestion_avoidance,
3765,262941.322229,377800,5,1067768232,1067814568,192.168.88.253,43692,193,,congestion_avoidance,
3766,262941.331628,377900,5,1068049144,1068095480,192.168.88.253,43692,195,,congestion_avoidance,
3767,262941.341052,378000,5,1068330056,1068376392,192.168.88.253,43692,266,,congestion_avoidance,
3768,262941.350473,378100,5,1068612416,1068658752,192.168.88.253,43692,190,,congestion_avoidance,
3769,262941.359900,378200,5,1068893328,1068939664,192.168.88.253,43692,223,,congestion_avoidance,
3770,262941.369461,378300,5,1069180032,1069229264,192.168.88.253,43692,206,,congestion_avoidance,
3771,262941.379012,378400,5,1069465288,1069511624,192.168.88.253,43692,190,,congestion_avoidance,
3772,262941.388519,378500,5,1069749096,1069795432,192.168.88.253,43692,153,,congestion_avoidance,
3773,262941.398003,378600,5,1070032904,1070079240,192.168.88.253,43692,194,,congestion_avoidance,
3774,262941.407547,378700,5,1070318160,1070364496,192.168.88.253,43692,192,,congestion_avoidance,
3775,262941.416943,378800,5,1070599072,1070645408,192.168.88.253,43692,191,,congestion_avoidance,
3776,262941.426441,378900,5,1070882880,1070929216,192.168.88.253,43692,189,,congestion_avoidance,
3777,262941.436131,379000,5,1071172480,1071218816,192.168.88.253,43692,196,,congestion_avoidance,
3778,262941.445627,379100,5,1071456288,1071502624,192.168.88.253,43692,193,,congestion_avoidance,
3779,262941.455022,379200,5,1071737200,1071783536,192.168.88.253,43692,191,,congestion_avoidance,
3780,262941.464570,379300,5,1072022456,1072068792,192.168.88.253,43692,188,,congestion_avoidance,
3781,262941.474065,379400,5,1072306264,1072352600,192.168.88.253,43692,191,,congestion_avoidance,
3782,262941.483562,379500,5,1072590072,1072637856,192.168.88.253,43692,188,,congestion_avoidance,
3783,262941.492913,379600,5,1072869536,1072915872,192.168.88.253,43692,190,,congestion_avoidance,
3784,262941.502407,379700,5,1073153344,1073199680,192.168.88.253,43692,190,,congestion_avoidance,
3785,262941.511855,379800,5,1073435704,1073482040,192.168.88.253,43692,193,,congestion_avoidance,
3786,262941.521304,379900,5,1073718064,1073764400,192.168.88.253,43692,194,,congestion_avoidance,
