line_number,timestamp,seq,cwnd,bytes_acked,bytes_sent,ip,port,rtt,ssthresh,phase,ca_state
2,317662.294956,1,10,7240,14480,192.168.88.253,35430,610,,slow_start,
3,317662.295552,17,39,46336,139008,192.168.88.253,35430,351,,loss_recovery,
4,317662.296938,21,19,85432,170864,192.168.88.253,35430,704,,congestion_avoidance,
5,317662.317044,100,34,689248,792056,192.168.88.253,35430,1375,,congestion_avoidance,
6,317662.319212,115,35,755856,865904,192.168.88.253,35430,1226,,loss_recovery,
7,317662.320803,120,17,799296,883280,192.168.88.253,35430,340,,congestion_avoidance,
8,317662.349053,189,23,1626104,1746288,192.168.88.253,35430,1184,,fast_retransmit,
9,317662.349852,196,18,1670992,1772352,192.168.88.253,35430,587,,congestion_avoidance,
10,317662.351022,200,19,1698504,1795520,192.168.88.253,35430,920,,congestion_avoidance,
11,317662.374046,253,36,2387752,2506488,192.168.88.253,35430,1474,,loss_recovery,
12,317662.375329,257,18,2426848,2541240,192.168.88.253,35430,722,,congestion_avoidance,
13,317662.393266,300,31,2959712,3087136,192.168.88.253,35430,1313,,congestion_avoidance,
14,317662.407055,344,39,3366600,3504160,192.168.88.253,35430,1861,,loss_recovery,
15,317662.407937,347,19,3402800,3536016,192.168.88.253,35430,394,,congestion_avoidance,
16,317662.428976,400,33,4018200,4173136,192.168.88.253,35430,1411,,congestion_avoidance,
17,317662.432565,410,35,4131144,4288976,192.168.88.253,35430,1454,,loss_recovery,
18,317662.433616,413,17,4168792,4309248,192.168.88.253,35430,355,,congestion_avoidance,
19,317662.461529,489,36,5002840,5193976,192.168.88.253,35430,1532,,loss_recovery,
20,317662.463237,493,18,5053520,5224384,192.168.88.253,35430,456,,congestion_avoidance,
21,317662.465277,500,18,5117232,5286648,192.168.88.253,35430,402,,congestion_avoidance,
22,317662.493488,586,18,5961416,6149656,192.168.88.253,35430,703,,fast_retransmit,
23,317662.494545,592,19,5993272,6178616,192.168.88.253,35430,635,,congestion_avoidance,
24,317662.496825,600,21,6061328,6246672,192.168.88.253,35430,463,,congestion_avoidance,
25,317662.529557,686,19,6856280,7057552,192.168.88.253,35430,1300,,fast_retransmit,
26,317662.530118,690,19,6898272,7080720,192.168.88.253,35430,477,,congestion_avoidance,
27,317662.532792,700,21,6975016,7157464,192.168.88.253,35430,898,,congestion_avoidance,
28,317662.550065,781,34,7489056,7690328,192.168.88.253,35430,1560,,loss_recovery,
29,317662.551283,786,17,7528152,7720736,192.168.88.253,35430,688,,congestion_avoidance,
30,317662.553600,800,17,7594760,7794584,192.168.88.253,35430,473,,congestion_avoidance,
31,317662.576248,878,34,8262288,8470800,192.168.88.253,35430,1657,,loss_recovery,
32,317662.576614,881,17,8285456,8486728,192.168.88.253,35430,337,,congestion_avoidance,
33,317662.580744,900,19,8408536,8624288,192.168.88.253,35430,823,,congestion_avoidance,
34,317662.605093,1000,37,9132536,9371456,192.168.88.253,35430,1479,,congestion_avoidance,
35,317662.610331,1022,19,9259960,9507568,192.168.88.253,35430,1775,,fast_retransmit,
36,317662.610689,1025,19,9304848,9527840,192.168.88.253,35430,499,,congestion_avoidance,
37,317662.627364,1100,32,9797168,10040432,192.168.88.253,35430,680,,congestion_avoidance,
38,317662.632852,1114,35,9950656,10198264,192.168.88.253,35430,1307,,loss_recovery,
39,317662.633783,1119,17,9996992,10222880,192.168.88.253,35430,387,,congestion_avoidance,
40,317662.656090,1200,33,10606600,10820904,192.168.88.253,35430,2909,,congestion_avoidance,
41,317662.663590,1230,36,10844072,11107608,192.168.88.253,35430,1472,,loss_recovery,
42,317662.665419,1235,18,10893304,11138016,192.168.88.253,35430,332,,congestion_avoidance,
43,317662.687001,1300,34,11537664,11796856,192.168.88.253,35430,1282,,congestion_avoidance,
44,317662.690733,1313,36,11639024,11911248,192.168.88.253,35430,1549,,loss_recovery,
45,317662.691971,1318,18,11686808,11950344,192.168.88.253,35430,652,,congestion_avoidance,
46,317662.715346,1400,35,12391984,12677240,192.168.88.253,35430,1106,,congestion_avoidance,
47,317662.716124,1403,35,12409360,12696064,192.168.88.253,35430,1310,,loss_recovery,
48,317662.717419,1408,17,12448456,12726472,192.168.88.253,35430,237,,congestion_avoidance,
49,317662.735182,1500,28,12894440,13191280,192.168.88.253,35430,959,,congestion_avoidance,
50,317662.745769,1545,35,13210104,13522872,192.168.88.253,35430,1660,,loss_recovery,
51,317662.746685,1551,17,13246304,13540248,192.168.88.253,35430,809,,congestion_avoidance,
52,317662.755896,1600,24,13521424,13832744,192.168.88.253,35430,936,,congestion_avoidance,
53,317662.768775,1700,33,13906592,14222256,192.168.88.253,35430,1303,,congestion_avoidance,
54,317662.770495,1709,34,13944240,14271488,192.168.88.253,35430,1248,,loss_recovery,
55,317662.771120,1719,17,13977544,14291760,192.168.88.253,35430,545,,congestion_avoidance,
56,317662.783166,1800,27,14335200,14662448,192.168.88.253,35430,1006,,congestion_avoidance,
57,317662.795806,1870,35,14700096,15047616,192.168.88.253,35430,1195,,loss_recovery,
58,317662.796775,1878,17,14744984,15070784,192.168.88.253,35430,374,,congestion_avoidance,
59,317662.800438,1900,19,14853584,15189520,192.168.88.253,35430,852,,congestion_avoidance,
60,317662.816705,2000,32,15338664,15684736,192.168.88.253,35430,1056,,congestion_avoidance,
61,317662.826648,2054,24,15612336,15967096,192.168.88.253,35430,1668,,fast_retransmit,
62,317662.827212,2058,19,15654328,15990264,192.168.88.253,35430,449,,congestion_avoidance,
63,317662.835047,2100,26,15880216,16230632,192.168.88.253,35430,1181,,congestion_avoidance,
64,317662.852612,2200,37,16415976,16775080,192.168.88.253,35430,973,,congestion_avoidance,
65,317662.853568,2204,23,16420320,16776528,192.168.88.253,35430,1431,,fast_retransmit,
66,317662.854400,2209,19,16463760,16805488,192.168.88.253,35430,767,,congestion_avoidance,
67,317662.866644,2300,29,16833000,17184864,192.168.88.253,35430,947,,congestion_avoidance,
68,317662.883765,2391,38,17299256,17668496,192.168.88.253,35430,1542,,loss_recovery,
69,317662.884277,2400,19,17331112,17687320,192.168.88.253,35430,1836,,loss_recovery,
70,317662.884534,2402,19,17339800,17687320,192.168.88.253,35430,601,,congestion_avoidance,
71,317662.896348,2500,28,17688768,18063800,192.168.88.253,35430,896,,congestion_avoidance,
72,317662.910829,2600,37,18130408,18501096,192.168.88.253,35430,1198,,congestion_avoidance,
73,317662.911270,2601,37,18134752,18521368,192.168.88.253,35430,1275,,loss_recovery,
74,317662.912283,2611,18,18170952,18537296,192.168.88.253,35430,217,,congestion_avoidance,
75,317662.922655,2700,26,18473584,18863096,192.168.88.253,35430,981,,congestion_avoidance,
76,317662.933813,2784,34,18805176,19226544,192.168.88.253,35430,1196,,loss_recovery,
77,317662.934974,2790,17,18834136,19229440,192.168.88.253,35430,1291,,congestion_avoidance,
78,317662.935776,2800,18,18867440,19251160,192.168.88.253,35430,569,,congestion_avoidance,
79,317662.950609,2900,30,19311976,19733344,192.168.88.253,35430,1173,,congestion_avoidance,
80,317662.956761,2932,34,19490080,19912896,192.168.88.253,35430,1100,,loss_recovery,
81,317662.957878,2939,17,19533520,19947648,192.168.88.253,35430,430,,congestion_avoidance,
82,317662.974638,3000,31,20027288,20454448,192.168.88.253,35430,1189,,congestion_avoidance,
83,317662.989177,3067,18,20467480,20901880,192.168.88.253,35430,408,,fast_retransmit,
84,317662.990274,3076,20,20502232,20930840,192.168.88.253,35430,675,,congestion_avoidance,
85,317662.994552,3100,24,20629656,21049576,192.168.88.253,35430,305,,congestion_avoidance,
86,317663.009352,3154,34,21066952,21494112,192.168.88.253,35430,1064,,loss_recovery,
87,317663.009775,3156,17,21078536,21514384,192.168.88.253,35430,394,,congestion_avoidance,
88,317663.018402,3200,24,21337728,21796744,192.168.88.253,35430,973,,congestion_avoidance,
89,317663.033740,3255,35,21801088,22277480,192.168.88.253,35430,1466,,loss_recovery,
90,317663.035758,3260,17,21844528,22294856,192.168.88.253,35430,377,,congestion_avoidance,
91,317663.042996,3300,22,22073312,22543912,192.168.88.253,35430,758,,congestion_avoidance,
92,317663.064926,3383,37,22719120,23209992,192.168.88.253,35430,1341,,loss_recovery,
93,317663.065918,3389,18,22756768,23240400,192.168.88.253,35430,825,,congestion_avoidance,
94,317663.068004,3400,19,22816136,23298320,192.168.88.253,35430,521,,congestion_avoidance,
95,317663.090021,3497,35,23482216,23993360,192.168.88.253,35430,1428,,loss_recovery,
96,317663.090528,3500,17,23495248,23993360,192.168.88.253,35430,1303,,loss_recovery,
97,317663.091449,3507,17,23521312,24012184,192.168.88.253,35430,376,,congestion_avoidance,
98,317663.114276,3600,33,24193184,24704328,192.168.88.253,35430,1288,,congestion_avoidance,
99,317663.122510,3634,19,24449480,24962072,192.168.88.253,35430,355,,fast_retransmit,
100,317663.123565,3642,19,24484232,24991032,192.168.88.253,35430,755,,congestion_avoidance,
101,317663.137047,3700,30,24882432,25383440,192.168.88.253,35430,1287,,congestion_avoidance,
102,317663.148373,3751,37,25211128,25755576,192.168.88.253,35430,1480,,loss_recovery,
103,317663.149322,3756,18,25253120,25781640,192.168.88.253,35430,448,,congestion_avoidance,
104,317663.159061,3800,25,25539824,26081376,192.168.88.253,35430,958,,congestion_avoidance,
105,317663.176494,3879,37,26055312,26618584,192.168.88.253,35430,1619,,loss_recovery,
106,317663.177578,3886,18,26091512,26646096,192.168.88.253,35430,874,,congestion_avoidance,
107,317663.180607,3900,20,26185632,26747456,192.168.88.253,35430,815,,congestion_avoidance,
108,317663.203498,3984,36,26857504,27432360,192.168.88.253,35430,1824,,loss_recovery,
109,317663.203925,3987,18,26883568,27451184,192.168.88.253,35430,371,,congestion_avoidance,
110,317663.206977,4000,20,26971896,27551096,192.168.88.253,35430,938,,congestion_avoidance,
111,317663.225649,4083,34,27522136,28120160,192.168.88.253,35430,1280,,loss_recovery,
112,317663.226268,4088,17,27552544,28141880,192.168.88.253,35430,503,,congestion_avoidance,
113,317663.228388,4100,19,27616256,28207040,192.168.88.253,35430,563,,congestion_avoidance,
114,317663.248272,4200,34,28202696,28805064,192.168.88.253,35430,1479,,congestion_avoidance,
115,317663.257709,4267,40,28480712,29112040,192.168.88.253,35430,1316,,loss_recovery,
116,317663.258698,4278,20,28522704,29136656,192.168.88.253,35430,873,,congestion_avoidance,
117,317663.261807,4300,23,28612480,29229328,192.168.88.253,35430,919,,congestion_avoidance,
118,317663.277999,4397,34,29087424,29731784,192.168.88.253,35430,1524,,loss_recovery,
119,317663.278123,4400,17,29099008,29731784,192.168.88.253,35430,1634,,loss_recovery,
120,317663.278923,4406,17,29126520,29749160,192.168.88.253,35430,411,,congestion_avoidance,
121,317663.294946,4500,29,29572504,30222656,192.168.88.253,35430,1058,,congestion_avoidance,
122,317663.305182,4563,36,29895408,30560040,192.168.88.253,35430,1371,,loss_recovery,
123,317663.306695,4570,18,29937400,30577416,192.168.88.253,35430,373,,congestion_avoidance,
124,317663.312335,4600,23,30102472,30755520,192.168.88.253,35430,706,,congestion_avoidance,
125,317663.330682,4700,36,30636784,31314448,192.168.88.253,35430,1208,,congestion_avoidance,
126,317663.332371,4719,37,30707736,31391192,192.168.88.253,35430,1421,,loss_recovery,
127,317663.333830,4727,18,30748280,31411464,192.168.88.253,35430,311,,congestion_avoidance,
128,317663.344756,4800,27,31072632,31758984,192.168.88.253,35430,1130,,congestion_avoidance,
129,317663.358330,4875,36,31467936,32170216,192.168.88.253,35430,1228,,loss_recovery,
130,317663.359270,4883,18,31508480,32197728,192.168.88.253,35430,803,,congestion_avoidance,
131,317663.361924,4900,20,31585224,32271576,192.168.88.253,35430,724,,congestion_avoidance,
132,317663.378262,5000,33,32064512,32775480,192.168.88.253,35430,1120,,congestion_avoidance,
133,317663.382333,5026,25,32173112,32884080,192.168.88.253,35430,1575,,fast_retransmit,
134,317663.382937,5031,17,32216552,32904352,192.168.88.253,35430,554,,congestion_avoidance,
135,317663.393187,5100,26,32510496,33214224,192.168.88.253,35430,1005,,congestion_avoidance,
136,317663.405763,5178,35,32888424,33605184,192.168.88.253,35430,1148,,loss_recovery,
137,317663.406863,5187,17,32927520,33619664,192.168.88.253,35430,401,,congestion_avoidance,
138,317663.408549,5200,17,32976752,33679032,192.168.88.253,35430,561,,congestion_avoidance,
139,317663.423346,5300,30,33416944,34129360,192.168.88.253,35430,1015,,congestion_avoidance,
140,317663.439802,5400,39,33912160,34641952,192.168.88.253,35430,1546,,congestion_avoidance,
141,317663.446804,5438,42,34103296,34849016,192.168.88.253,35430,1407,,loss_recovery,
142,317663.446890,5439,21,34103296,34851912,192.168.88.253,35430,1510,,fast_retransmit,
143,317663.447460,5447,21,34145288,34876528,192.168.88.253,35430,432,,congestion_avoidance,
144,317663.463566,5500,29,34553624,35292104,192.168.88.253,35430,1129,,congestion_avoidance,
145,317663.478138,5597,26,34973544,35729400,192.168.88.253,35430,1383,,fast_retransmit,
146,317663.478790,5600,19,34973544,35736640,192.168.88.253,35430,1817,,fast_retransmit,
147,317663.478979,5603,19,35016984,35749672,192.168.88.253,35430,735,,congestion_avoidance,
148,317663.500165,5700,35,35649760,36402720,192.168.88.253,35430,892,,congestion_avoidance,
149,317663.505178,5731,26,35781528,36541728,192.168.88.253,35430,1325,,fast_retransmit,
150,317663.505968,5738,18,35826416,36560552,192.168.88.253,35430,686,,congestion_avoidance,
151,317663.518926,5800,29,36205792,36965992,192.168.88.253,35430,1286,,congestion_avoidance,
152,317663.528316,5833,35,36495392,37265728,192.168.88.253,35430,1236,,loss_recovery,
153,317663.529760,5841,17,36535936,37283104,192.168.88.253,35430,341,,congestion_avoidance,
154,317663.546798,5900,31,37034048,37807280,192.168.88.253,35430,1134,,congestion_avoidance,
155,317663.553303,5924,35,37242560,38030272,192.168.88.253,35430,1202,,loss_recovery,
156,317663.554743,5932,17,37283104,38047648,192.168.88.253,35430,334,,congestion_avoidance,
157,317663.579472,6000,35,38010000,38800608,192.168.88.253,35430,1254,,congestion_avoidance,
158,317663.579888,6006,36,38037512,38842600,192.168.88.253,35430,788,,loss_recovery,
159,317663.581745,6015,18,38085296,38877352,192.168.88.253,35430,768,,congestion_avoidance,
160,317663.608270,6091,19,38859976,39679544,192.168.88.253,35430,1028,,fast_retransmit,
161,317663.608980,6096,18,38903416,39704160,192.168.88.253,35430,510,,congestion_avoidance,
162,317663.610108,6100,19,38929480,39728776,192.168.88.253,35430,829,,congestion_avoidance,
163,317663.632958,6175,35,39614384,40438296,192.168.88.253,35430,1273,,loss_recovery,
164,317663.634413,6179,17,39653480,40455672,192.168.88.253,35430,346,,congestion_avoidance,
165,317663.638800,6200,19,39792488,40604816,192.168.88.253,35430,866,,congestion_avoidance,
166,317663.662938,6277,18,40513592,41340400,192.168.88.253,35430,596,,fast_retransmit,
167,317663.663948,6286,18,40548344,41369360,192.168.88.253,35430,651,,congestion_avoidance,
168,317663.666408,6300,20,40617848,41441760,192.168.88.253,35430,519,,congestion_avoidance,
169,317663.687527,6360,35,41240488,42078880,192.168.88.253,35430,1496,,loss_recovery,
170,317663.688595,6363,17,41278136,42096256,192.168.88.253,35430,238,,congestion_avoidance,
171,317663.700654,6400,27,41632896,42469840,192.168.88.253,35430,941,,congestion_avoidance,
172,317663.720348,6464,39,42217888,43073656,192.168.88.253,35430,1700,,loss_recovery,
173,317663.721183,6467,19,42254088,43105512,192.168.88.253,35430,341,,congestion_avoidance,
174,317663.733122,6500,27,42610296,43477648,192.168.88.253,35430,688,,congestion_avoidance,
175,317663.745436,6527,35,42969400,43833856,192.168.88.253,35430,1730,,loss_recovery,
176,317663.746125,6530,17,42996912,43858472,192.168.88.253,35430,218,,congestion_avoidance,
177,317663.769959,6600,34,43709328,44604192,192.168.88.253,35430,1424,,congestion_avoidance,
178,317663.776357,6630,38,43906256,44809808,192.168.88.253,35430,1153,,loss_recovery,
179,317663.778563,6635,19,43959832,44841664,192.168.88.253,35430,321,,congestion_avoidance,
180,317663.799659,6700,33,44596952,45494712,192.168.88.253,35430,1321,,congestion_avoidance,
181,317663.802713,6709,35,44680936,45584488,192.168.88.253,35430,1382,,loss_recovery,
182,317663.803254,6714,17,44705552,45603312,192.168.88.253,35430,490,,congestion_avoidance,
183,317663.826111,6800,33,45389008,46299800,192.168.88.253,35430,1363,,congestion_avoidance,
184,317663.828883,6813,35,45467200,46399712,192.168.88.253,35430,1300,,loss_recovery,
185,317663.829882,6822,17,45501952,46418536,192.168.88.253,35430,345,,congestion_avoidance,
186,317663.854577,6900,35,46244776,47190320,192.168.88.253,35430,948,,congestion_avoidance,
187,317663.860376,6917,20,46382336,47343808,192.168.88.253,35430,1135,,fast_retransmit,
188,317663.861343,6924,19,46444600,47372768,192.168.88.253,35430,798,,congestion_avoidance,
189,317663.884654,6988,36,47142536,48104008,192.168.88.253,35430,1237,,loss_recovery,
190,317663.886804,6993,18,47191768,48134416,192.168.88.253,35430,304,,congestion_avoidance,
191,317663.889312,7000,19,47280096,48222744,192.168.88.253,35430,298,,congestion_avoidance,
192,317663.916790,7100,39,48102560,49081408,192.168.88.253,35430,1384,,congestion_avoidance,
193,317663.918141,7104,39,48114144,49100232,192.168.88.253,35430,1658,,loss_recovery,
194,317663.918763,7105,19,48114144,49110368,192.168.88.253,35430,2061,,fast_retransmit,
195,317663.919015,7107,19,48160480,49129192,192.168.88.253,35430,684,,congestion_avoidance,
196,317663.943598,7192,36,48898960,49889392,192.168.88.253,35430,1339,,loss_recovery,
197,317663.945114,7195,18,48933712,49908216,192.168.88.253,35430,440,,congestion_avoidance,
198,317663.946182,7200,18,48971360,49942968,192.168.88.253,35430,346,,congestion_avoidance,
199,317663.972310,7297,37,49760520,50781360,192.168.88.253,35430,1325,,loss_recovery,
200,317663.974164,7300,18,49799616,50794392,192.168.88.253,35430,292,,loss_recovery,
201,317663.974273,7301,18,49802512,50800184,192.168.88.253,35430,401,,congestion_avoidance,
202,317664.001097,7400,37,50623528,51650160,192.168.88.253,35430,1134,,congestion_avoidance,
203,317664.001440,7403,37,50630768,51670432,192.168.88.253,35430,1465,,loss_recovery,
204,317664.003619,7409,18,50682896,51703736,192.168.88.253,35430,390,,congestion_avoidance,
205,317664.029155,7521,35,51451784,52497240,192.168.88.253,35430,1521,,loss_recovery,
206,317664.030055,7525,17,51482192,52516064,192.168.88.253,35430,426,,congestion_avoidance,
207,317664.048290,7600,31,52022296,53072096,192.168.88.253,35430,1269,,congestion_avoidance,
208,317664.063893,7673,40,52482760,53558624,192.168.88.253,35430,1535,,loss_recovery,
209,317664.065122,7681,20,52529096,53599168,192.168.88.253,35430,769,,congestion_avoidance,
210,317664.068545,7700,23,52633352,53707768,192.168.88.253,35430,1023,,congestion_avoidance,
211,317664.088953,7781,37,53245856,54344888,192.168.88.253,35430,1467,,loss_recovery,
212,317664.090538,7788,18,53287848,54363712,192.168.88.253,35430,430,,congestion_avoidance,
213,317664.093346,7800,20,53371832,54463624,192.168.88.253,35430,772,,congestion_avoidance,
214,317664.115400,7900,36,54026328,55134048,192.168.88.253,35430,1724,,congestion_avoidance,
215,317664.122633,7941,28,54239184,55349800,192.168.88.253,35430,1030,,fast_retransmit,
216,317664.124553,7955,20,54307240,55401928,192.168.88.253,35430,867,,congestion_avoidance,
217,317664.133246,8000,27,54562088,55652432,192.168.88.253,35430,988,,congestion_avoidance,
218,317664.148976,8068,37,55024000,56125928,192.168.88.253,35430,1645,,loss_recovery,
219,317664.149436,8071,18,55048616,56141856,192.168.88.253,35430,393,,congestion_avoidance,
220,317664.157314,8100,25,55277400,56388016,192.168.88.253,35430,1156,,congestion_avoidance,
221,317664.171537,8142,34,55698768,56822416,192.168.88.253,35430,1274,,loss_recovery,
222,317664.172292,8146,17,55732072,56847032,192.168.88.253,35430,330,,congestion_avoidance,
223,317664.186556,8200,29,56153440,57287224,192.168.88.253,35430,1152,,congestion_avoidance,
224,317664.199520,8253,37,56547296,57702800,192.168.88.253,35430,1355,,loss_recovery,
225,317664.201298,8260,18,56599424,57721624,192.168.88.253,35430,463,,congestion_avoidance,
226,317664.211846,8300,25,56910744,58053216,192.168.88.253,35430,1094,,congestion_avoidance,
227,317664.231033,8370,38,57475464,58632416,192.168.88.253,35430,1907,,loss_recovery,
228,317664.231774,8373,19,57510216,58664272,192.168.88.253,35430,442,,congestion_avoidance,
229,317664.237783,8400,22,57688320,58843824,192.168.88.253,35430,996,,congestion_avoidance,
230,317664.263269,8487,40,58452864,59650360,192.168.88.253,35430,1479,,loss_recovery,
231,317664.264979,8491,20,58500648,59672080,192.168.88.253,35430,652,,congestion_avoidance,
232,317664.267622,8500,22,58578840,59769096,192.168.88.253,35430,823,,congestion_avoidance,
233,317664.291137,8586,38,59286912,60503232,192.168.88.253,35430,1545,,loss_recovery,
234,317664.293026,8590,19,59330352,60524952,192.168.88.253,35430,401,,congestion_avoidance,
235,317664.294516,8600,19,59385376,60582872,192.168.88.253,35430,431,,congestion_avoidance,
236,317664.313994,8670,34,59958784,61201168,192.168.88.253,35430,1460,,loss_recovery,
237,317664.314855,8675,17,59992088,61225784,192.168.88.253,35430,687,,congestion_avoidance,
238,317664.320373,8700,22,60154264,61399544,192.168.88.253,35430,792,,congestion_avoidance,
239,317664.338959,8788,35,60716088,61984536,192.168.88.253,35430,1473,,loss_recovery,
240,317664.340916,8792,17,60759528,62001912,192.168.88.253,35430,410,,congestion_avoidance,
241,317664.342863,8800,17,60820344,62074312,192.168.88.253,35430,370,,congestion_avoidance,
242,317664.365161,8876,34,61482080,62762112,192.168.88.253,35430,1152,,loss_recovery,
243,317664.366188,8882,17,61525520,62786728,192.168.88.253,35430,577,,congestion_avoidance,
244,317664.369650,8900,20,61628328,62906912,192.168.88.253,35430,943,,congestion_avoidance,
245,317664.391461,9000,36,62285720,63578784,192.168.88.253,35430,1171,,congestion_avoidance,
246,317664.394618,9009,18,62372600,63656976,192.168.88.253,35430,502,,fast_retransmit,
247,317664.395451,9015,19,62404456,63684488,192.168.88.253,35430,490,,congestion_avoidance,
248,317664.418890,9098,36,63095152,64389664,192.168.88.253,35430,1445,,loss_recovery,
249,317664.419429,9100,18,63109632,64401248,192.168.88.253,35430,1825,,loss_recovery,
250,317664.419957,9103,18,63134248,64421520,192.168.88.253,35430,366,,congestion_avoidance,
251,317664.445343,9197,36,63893000,65216472,192.168.88.253,35430,1455,,loss_recovery,
252,317664.447069,9200,18,63930648,65229504,192.168.88.253,35430,269,,loss_recovery,
253,317664.447194,9201,18,63934992,65233848,192.168.88.253,35430,395,,congestion_avoidance,
254,317664.472739,9295,36,64698088,66020112,192.168.88.253,35430,1827,,loss_recovery,
255,317664.473256,9298,18,64724152,66047624,192.168.88.253,35430,472,,congestion_avoidance,
256,317664.473817,9300,18,64740080,66060656,192.168.88.253,35430,585,,congestion_avoidance,
257,317664.496781,9374,35,65419192,66755696,192.168.88.253,35430,1510,,loss_recovery,
258,317664.497412,9377,17,65449600,66784656,192.168.88.253,35430,283,,congestion_avoidance,
259,317664.502060,9400,20,65585712,66932352,192.168.88.253,35430,752,,congestion_avoidance,
260,317664.526115,9500,37,66308264,67675176,192.168.88.253,35430,1493,,congestion_avoidance,
261,317664.546963,9600,33,66925112,68280440,192.168.88.253,35430,1348,,congestion_avoidance,
262,317664.549746,9610,34,66997512,68365872,192.168.88.253,35430,1329,,loss_recovery,
263,317664.550290,9614,17,67029368,68389040,192.168.88.253,35430,482,,congestion_avoidance,
264,317664.573185,9700,34,67714272,69100008,192.168.88.253,35430,813,,congestion_avoidance,
265,317664.575293,9711,35,67764952,69150688,192.168.88.253,35430,1755,,loss_recovery,
266,317664.576080,9714,17,67793912,69170960,192.168.88.253,35430,378,,congestion_avoidance,
267,317664.599532,9792,34,68490400,69893512,192.168.88.253,35430,1326,,loss_recovery,
268,317664.600354,9796,17,68525152,69918128,192.168.88.253,35430,321,,congestion_avoidance,
269,317664.601623,9800,18,68561352,69955776,192.168.88.253,35430,488,,congestion_avoidance,
270,317664.625218,9876,36,69259288,70679776,192.168.88.253,35430,1634,,loss_recovery,
271,317664.626186,9880,18,69292592,70698600,192.168.88.253,35430,520,,congestion_avoidance,
272,317664.631487,9900,22,69456216,70868016,192.168.88.253,35430,832,,congestion_avoidance,
273,317664.655066,9967,18,70116504,71557264,192.168.88.253,35430,1990,,fast_retransmit,
274,317664.655360,9969,18,70161392,71581880,192.168.88.253,35430,264,,congestion_avoidance,
275,317664.662413,10000,23,70375696,71796184,192.168.88.253,35430,952,,congestion_avoidance,
276,317664.681379,10058,36,70940416,72381176,192.168.88.253,35430,1446,,loss_recovery,
277,317664.682503,10062,18,70979512,72401448,192.168.88.253,35430,308,,congestion_avoidance,
278,317664.693222,10100,26,71289384,72735936,192.168.88.253,35430,980,,congestion_avoidance,
279,317664.708238,10165,35,71741160,73209432,192.168.88.253,35430,1334,,loss_recovery,
280,317664.709516,10173,17,71786048,73228256,192.168.88.253,35430,410,,congestion_avoidance,
281,317664.714946,10200,21,71948224,73413600,192.168.88.253,35430,923,,congestion_avoidance,
282,317664.735428,10300,36,72556384,74043480,192.168.88.253,35430,1458,,congestion_avoidance,
283,317664.744429,10351,18,72831504,74301224,192.168.88.253,35430,770,,fast_retransmit,
284,317664.745426,10359,20,72863360,74333080,192.168.88.253,35430,514,,congestion_avoidance,
285,317664.753562,10400,26,73090696,74563312,192.168.88.253,35430,1062,,congestion_avoidance,
286,317664.773789,10487,18,73706096,75178712,192.168.88.253,35430,841,,fast_retransmit,
287,317664.774878,10493,19,73742296,75206224,192.168.88.253,35430,703,,congestion_avoidance,
288,317664.776466,10500,20,73782840,75246768,192.168.88.253,35430,865,,congestion_avoidance,
289,317664.791463,10600,32,74233168,75718816,192.168.88.253,35430,1439,,congestion_avoidance,
290,317664.795578,10632,35,74356248,75850584,192.168.88.253,35430,1469,,loss_recovery,
291,317664.796743,10643,17,74393896,75872304,192.168.88.253,35430,373,,congestion_avoidance,
292,317664.804467,10700,23,74622680,76118464,192.168.88.253,35430,915,,congestion_avoidance,
293,317664.821361,10800,35,75116448,76618024,192.168.88.253,35430,1454,,congestion_avoidance,
294,317664.832636,10881,41,75448040,76974232,192.168.88.253,35430,1480,,loss_recovery,
295,317664.832755,10882,23,75448040,76975680,192.168.88.253,35430,1572,,fast_retransmit,
296,317664.833547,10889,20,75488584,77000296,192.168.88.253,35430,393,,congestion_avoidance,
297,317664.834834,10900,20,75526232,77040840,192.168.88.253,35430,544,,congestion_avoidance,
298,317664.848757,11000,31,75944704,77475240,192.168.88.253,35430,1337,,congestion_avoidance,
299,317664.853967,11023,35,76098192,77653344,192.168.88.253,35430,1113,,loss_recovery,
300,317664.855071,11034,17,76137288,77669272,192.168.88.253,35430,417,,congestion_avoidance,
301,317664.863242,11100,23,76376208,77924120,192.168.88.253,35430,894,,congestion_avoidance,
302,317664.874870,11200,32,76730968,78289016,192.168.88.253,35430,1089,,congestion_avoidance,
303,317664.884212,11272,38,77013328,78590200,192.168.88.253,35430,1000,,loss_recovery,
304,317664.885619,11282,19,77050976,78613368,192.168.88.253,35430,1013,,congestion_avoidance,
305,317664.888218,11300,21,77120480,78688664,192.168.88.253,35430,803,,congestion_avoidance,
306,317664.905799,11400,34,77646104,79237456,192.168.88.253,35430,1525,,congestion_avoidance,
307,317664.909692,11435,36,77774976,79372120,192.168.88.253,35430,1386,,loss_recovery,
308,317664.911217,11443,18,77815520,79398184,192.168.88.253,35430,900,,congestion_avoidance,
309,317664.918534,11500,25,78028376,79616832,192.168.88.253,35430,1076,,congestion_avoidance,
310,317664.933223,11579,34,78474360,80062816,192.168.88.253,35430,1252,,loss_recovery,
311,317664.933940,11581,17,78493184,80085984,192.168.88.253,35430,405,,congestion_avoidance,
312,317664.936477,11600,17,78571376,80181552,192.168.88.253,35430,770,,congestion_avoidance,
313,317664.948696,11700,28,78929032,80542104,192.168.88.253,35430,1174,,congestion_avoidance,
314,317664.960213,11782,36,79270760,80928720,192.168.88.253,35430,1631,,loss_recovery,
315,317664.961510,11792,18,79319992,80962024,192.168.88.253,35430,669,,congestion_avoidance,
316,317664.962763,11800,19,79348952,81001120,192.168.88.253,35430,524,,congestion_avoidance,
317,317664.979850,11900,32,79855752,81519504,192.168.88.253,35430,1056,,congestion_avoidance,
318,317664.986119,11941,17,80054128,81712088,192.168.88.253,35430,506,,fast_retransmit,
319,317664.987219,11949,18,80088880,81739600,192.168.88.253,35430,713,,congestion_avoidance,
320,317664.996806,12000,26,80372688,82023408,192.168.88.253,35430,1118,,congestion_avoidance,
321,317665.013976,12067,38,80891072,82575096,192.168.88.253,35430,1448,,loss_recovery,
322,317665.015739,12072,19,80934512,82595368,192.168.88.253,35430,411,,congestion_avoidance,
323,317665.023295,12100,24,81157504,82835736,192.168.88.253,35430,636,,congestion_avoidance,
324,317665.041068,12154,36,81700504,83401904,192.168.88.253,35430,1177,,loss_recovery,
325,317665.042765,12160,18,81746840,83419280,192.168.88.253,35430,266,,congestion_avoidance,
326,317665.057321,12200,29,82179792,83869608,192.168.88.253,35430,1264,,congestion_avoidance,
327,317665.064772,12215,34,82396992,84095496,192.168.88.253,35430,1266,,loss_recovery,
328,317665.065603,12218,17,82425952,84118664,192.168.88.253,35430,383,,congestion_avoidance,
329,317665.090573,12300,35,83180360,84904928,192.168.88.253,35430,885,,congestion_avoidance,
330,317665.094323,12318,18,83288960,85000496,192.168.88.253,35430,397,,fast_retransmit,
331,317665.095316,12327,18,83322264,85028008,192.168.88.253,35430,561,,congestion_avoidance,
332,317665.114443,12400,33,83885536,85615896,192.168.88.253,35430,1303,,congestion_avoidance,
333,317665.123964,12438,38,84163552,85880880,192.168.88.253,35430,1583,,loss_recovery,
334,317665.124646,12442,19,84195408,85901152,192.168.88.253,35430,263,,congestion_avoidance,
335,317665.139342,12500,29,84618224,86352928,192.168.88.253,35430,1271,,congestion_avoidance,
336,317665.146271,12516,34,84831080,86573024,192.168.88.253,35430,1040,,loss_recovery,
337,317665.147416,12522,17,84874520,86603432,192.168.88.253,35430,618,,congestion_avoidance,
338,317665.170672,12593,35,85559424,87304264,192.168.88.253,35430,1530,,loss_recovery,
339,317665.171301,12596,17,85588384,87331776,192.168.88.253,35430,292,,congestion_avoidance,
340,317665.172488,12600,17,85623136,87354944,192.168.88.253,35430,362,,congestion_avoidance,
341,317665.198244,12700,36,86396368,88165824,192.168.88.253,35430,447,,congestion_avoidance,
342,317665.201982,12717,19,86467320,88246912,192.168.88.253,35430,1768,,fast_retransmit,
343,317665.202232,12720,19,86513656,88267184,192.168.88.253,35430,622,,congestion_avoidance,
344,317665.224964,12800,36,87184080,88966568,192.168.88.253,35430,1712,,congestion_avoidance,
345,317665.228560,12821,38,87304264,89091096,192.168.88.253,35430,1495,,loss_recovery,
346,317665.230204,12829,19,87347704,89111368,192.168.88.253,35430,394,,congestion_avoidance,
347,317665.245146,12900,30,87792240,89586312,192.168.88.253,35430,1357,,congestion_avoidance,
348,317665.255562,12934,36,88110800,89913560,192.168.88.253,35430,1367,,loss_recovery,
349,317665.257410,12945,18,88160032,89943968,192.168.88.253,35430,543,,congestion_avoidance,
350,317665.270426,13000,28,88536512,90332032,192.168.88.253,35430,1269,,congestion_avoidance,
351,317665.284877,13053,37,88986840,90808424,192.168.88.253,35430,1209,,loss_recovery,
352,317665.286869,13057,18,89031728,90827248,192.168.88.253,35430,449,,congestion_avoidance,
353,317665.296422,13100,25,89324224,91140016,192.168.88.253,35430,1155,,congestion_avoidance,
354,317665.318190,13185,39,89964240,91804648,192.168.88.253,35430,1553,,loss_recovery,
355,317665.319175,13190,19,90006232,91836504,192.168.88.253,35430,796,,congestion_avoidance,
356,317665.321682,13200,21,90080080,91907456,192.168.88.253,35430,897,,congestion_avoidance,
357,317665.339405,13268,34,90601360,92441768,192.168.88.253,35430,1557,,loss_recovery,
358,317665.339963,13271,17,90630320,92467832,192.168.88.253,35430,276,,congestion_avoidance,
359,317665.346562,13300,22,90827248,92680688,192.168.88.253,35430,826,,congestion_avoidance,
360,317665.364731,13354,35,91363008,93226584,192.168.88.253,35430,1519,,loss_recovery,
361,317665.365578,13358,17,91393416,93245408,192.168.88.253,35430,396,,congestion_avoidance,
362,317665.376101,13400,25,91703288,93565416,192.168.88.253,35430,1025,,congestion_avoidance,
363,317665.391664,13451,36,92170992,94056288,192.168.88.253,35430,1296,,loss_recovery,
364,317665.393090,13455,18,92205744,94075112,192.168.88.253,35430,395,,congestion_avoidance,
365,317665.403595,13500,26,92525752,94409600,192.168.88.253,35430,1092,,congestion_avoidance,
366,317665.414992,13533,34,92860240,94770152,192.168.88.253,35430,1021,,loss_recovery,
367,317665.415951,13539,17,92897888,94794768,192.168.88.253,35430,730,,congestion_avoidance,
368,317665.430579,13600,30,93333736,95255232,192.168.88.253,35430,1360,,congestion_avoidance,
369,317665.441132,13631,36,93653744,95586824,192.168.88.253,35430,1447,,loss_recovery,
370,317665.442469,13635,18,93692840,95607096,192.168.88.253,35430,834,,congestion_avoidance,
371,317665.464875,13700,33,94351680,96278968,192.168.88.253,35430,1374,,congestion_avoidance,
372,317665.466922,13708,35,94413944,96354264,192.168.88.253,35430,1605,,loss_recovery,
373,317665.468023,13711,17,94451592,96383224,192.168.88.253,35430,335,,congestion_avoidance,
374,317665.488600,13800,32,95056856,97018896,192.168.88.253,35430,1144,,congestion_avoidance,
375,317665.493630,13823,35,95217584,97181072,192.168.88.253,35430,1243,,loss_recovery,
376,317665.494942,13829,17,95258128,97198448,192.168.88.253,35430,381,,congestion_avoidance,
377,317665.510025,13900,29,95708456,97677736,192.168.88.253,35430,1339,,congestion_avoidance,
378,317665.519444,13934,35,95986472,97958648,192.168.88.253,35430,1271,,loss_recovery,
379,317665.520339,13938,17,96018328,97989056,192.168.88.253,35430,487,,congestion_avoidance,
380,317665.532837,14000,27,96390464,98380016,192.168.88.253,35430,1217,,congestion_avoidance,
381,317665.549924,14064,24,96890024,98888264,192.168.88.253,35430,1161,,fast_retransmit,
382,317665.550949,14070,19,96933464,98915776,192.168.88.253,35430,811,,congestion_avoidance,
383,317665.557126,14100,25,97118808,99109808,192.168.88.253,35430,1065,,congestion_avoidance,
384,317665.574574,14172,36,97632848,99623848,192.168.88.253,35430,1626,,loss_recovery,
385,317665.575331,14177,18,97666152,99651360,192.168.88.253,35430,318,,congestion_avoidance,
386,317665.580043,14200,22,97805160,99801952,192.168.88.253,35430,932,,congestion_avoidance,
387,317665.601607,14291,37,98450968,100475272,192.168.88.253,35430,1230,,loss_recovery,
388,317665.603652,14295,18,98497304,100494096,192.168.88.253,35430,470,,congestion_avoidance,
389,317665.604546,14300,18,98526264,100527400,192.168.88.253,35430,243,,congestion_avoidance,
390,317665.629639,14400,37,99292256,101323800,192.168.88.253,35430,984,,congestion_avoidance,
391,317665.634669,14419,18,99421128,101442536,192.168.88.253,35430,929,,fast_retransmit,
392,317665.635211,14422,19,99455880,101470048,192.168.88.253,35430,511,,congestion_avoidance,
393,317665.655637,14491,34,100053904,102089792,192.168.88.253,35430,1103,,loss_recovery,
394,317665.656828,14499,17,100097344,102123096,192.168.88.253,35430,643,,congestion_avoidance,
395,317665.656951,14500,17,100101688,102123096,192.168.88.253,35430,579,,congestion_avoidance,
396,317665.678919,14584,34,100748944,102794968,192.168.88.253,35430,1539,,loss_recovery,
397,317665.679841,14587,17,100785144,102816688,192.168.88.253,35430,523,,congestion_avoidance,
398,317665.682453,14600,18,100861888,102913704,192.168.88.253,35430,667,,congestion_avoidance,
399,317665.709884,14696,38,101688696,103770920,192.168.88.253,35430,1285,,loss_recovery,
400,317665.712059,14700,19,101740824,103791192,192.168.88.253,35430,273,,congestion_avoidance,
401,317665.737430,14796,36,102493784,104593384,192.168.88.253,35430,1244,,loss_recovery,
402,317665.738075,14800,18,102519848,104602072,192.168.88.253,35430,1678,,loss_recovery,
403,317665.738322,14803,18,102532880,104610760,192.168.88.253,35430,762,,congestion_avoidance,
404,317665.765525,14900,38,103351000,105447704,192.168.88.253,35430,908,,congestion_avoidance,
405,317665.766060,14904,38,103366928,105486800,192.168.88.253,35430,1470,,loss_recovery,
406,317665.767792,14912,19,103411816,105507072,192.168.88.253,35430,517,,congestion_avoidance,
407,317665.785305,15000,32,103934544,106050072,192.168.88.253,35430,1011,,congestion_avoidance,
408,317665.797777,15054,26,104299440,106432344,192.168.88.253,35430,1013,,fast_retransmit,
409,317665.799218,15064,19,104354464,106458408,192.168.88.253,35430,903,,congestion_avoidance,
410,317665.803911,15100,24,104493472,106604656,192.168.88.253,35430,1060,,congestion_avoidance,
411,317665.817127,15200,33,104877192,106999960,192.168.88.253,35430,1349,,congestion_avoidance,
412,317665.826053,15258,38,105161000,107322864,192.168.88.253,35430,1167,,loss_recovery,
413,317665.827893,15267,19,105197200,107330104,192.168.88.253,35430,1976,,congestion_avoidance,
414,317665.834757,15300,25,105412952,107548752,192.168.88.253,35430,971,,congestion_avoidance,
415,317665.847536,15400,33,105787984,107939712,192.168.88.253,35430,1248,,congestion_avoidance,
416,317665.849696,15413,35,105861832,108007768,192.168.88.253,35430,1379,,loss_recovery,
417,317665.850287,15417,17,105877760,108030936,192.168.88.253,35430,549,,congestion_avoidance,
418,317665.862396,15500,27,106244104,108408864,192.168.88.253,35430,1093,,congestion_avoidance,
419,317665.879009,15589,37,106730632,108938832,192.168.88.253,35430,1668,,loss_recovery,
420,317665.879929,15596,18,106768280,108956208,192.168.88.253,35430,834,,congestion_avoidance,
421,317665.880787,15600,19,106790000,108982272,192.168.88.253,35430,640,,congestion_avoidance,
422,317665.894777,15700,30,107209920,109418120,192.168.88.253,35430,1195,,congestion_avoidance,
423,317665.903777,15766,35,107466216,109690344,192.168.88.253,35430,1227,,loss_recovery,
424,317665.904452,15775,17,107500968,109713512,192.168.88.253,35430,574,,congestion_avoidance,
425,317665.907705,15800,19,107595088,109814872,192.168.88.253,35430,708,,congestion_avoidance,
426,317665.920766,15900,30,107986048,110224656,192.168.88.253,35430,1211,,congestion_avoidance,
427,317665.926583,15947,34,108148224,110395520,192.168.88.253,35430,1203,,loss_recovery,
428,317665.927760,15955,17,108194560,110427376,192.168.88.253,35430,443,,congestion_avoidance,
429,317665.933258,16000,21,108361080,110605480,192.168.88.253,35430,870,,congestion_avoidance,
430,317665.949340,16100,33,108828784,111080424,192.168.88.253,35430,1963,,congestion_avoidance,
431,317665.950124,16102,34,108859192,111115176,192.168.88.253,35430,1645,,loss_recovery,
432,317665.951224,16105,17,108892496,111132552,192.168.88.253,35430,200,,congestion_avoidance,
433,317665.979601,16199,36,109735232,112021624,192.168.88.253,35430,1573,,loss_recovery,
434,317665.979647,16200,23,109738128,112021624,192.168.88.253,35430,1634,,loss_recovery,
435,317665.980575,16208,18,109774328,112049136,192.168.88.253,35430,782,,congestion_avoidance,
436,317665.997496,16300,31,110278232,112564624,192.168.88.253,35430,1197,,congestion_avoidance,
437,317666.005433,16339,24,110499776,112799200,192.168.88.253,35430,1358,,fast_retransmit,
438,317666.006173,16344,18,110543216,112815128,192.168.88.253,35430,635,,congestion_avoidance,
439,317666.014865,16400,26,110795168,113075768,192.168.88.253,35430,816,,congestion_avoidance,
440,317666.026962,16491,34,111155720,113460936,192.168.88.253,35430,1367,,loss_recovery,
441,317666.027914,16500,17,111186128,113482656,192.168.88.253,35430,386,,congestion_avoidance,
442,317666.042130,16600,28,111606048,113917056,192.168.88.253,35430,1146,,congestion_avoidance,
443,317666.049998,16622,34,111842072,114160320,192.168.88.253,35430,1025,,loss_recovery,
444,317666.050680,16628,17,111871032,114184936,192.168.88.253,35430,636,,congestion_avoidance,
445,317666.068756,16700,32,112408240,114749656,192.168.88.253,35430,1376,,congestion_avoidance,
446,317666.076500,16735,37,112645712,114992920,192.168.88.253,35430,1506,,loss_recovery,
447,317666.078045,16744,18,112687704,115013192,192.168.88.253,35430,458,,congestion_avoidance,
448,317666.087300,16800,25,112957032,115302792,192.168.88.253,35430,974,,congestion_avoidance,
449,317666.101487,16863,35,113391432,115757464,192.168.88.253,35430,1262,,loss_recovery,
450,317666.103085,16868,17,113434872,115774840,192.168.88.253,35430,346,,congestion_avoidance,
451,317666.111498,16900,23,113685376,116035480,192.168.88.253,35430,1165,,congestion_avoidance,
452,317666.135023,16962,38,114383312,116753688,192.168.88.253,35430,1751,,loss_recovery,
453,317666.135974,16965,19,114419512,116785544,192.168.88.253,35430,486,,congestion_avoidance,
454,317666.147919,17000,28,114774272,117163472,192.168.88.253,35430,954,,congestion_avoidance,
455,317666.162665,17037,19,115195640,117590632,192.168.88.253,35430,1112,,fast_retransmit,
456,317666.163511,17042,18,115241976,117616696,192.168.88.253,35430,818,,congestion_avoidance,
457,317666.177629,17100,30,115654656,118032272,192.168.88.253,35430,1289,,congestion_avoidance,
458,317666.186936,17143,35,115926880,118324768,192.168.88.253,35430,1544,,loss_recovery,
459,317666.187761,17150,17,115967424,118349384,192.168.88.253,35430,611,,congestion_avoidance,
460,317666.197829,17200,26,116264264,118650568,192.168.88.253,35430,897,,congestion_avoidance,
461,317666.210067,17254,34,116620472,119032840,192.168.88.253,35430,1303,,loss_recovery,
462,317666.210678,17261,17,116652328,119054560,192.168.88.253,35430,493,,congestion_avoidance,
463,317666.220019,17300,24,116928896,119344160,192.168.88.253,35430,935,,congestion_avoidance,
464,317666.241626,17387,37,117576152,120010240,192.168.88.253,35430,1311,,loss_recovery,
465,317666.243070,17390,18,117610904,120031960,192.168.88.253,35430,388,,congestion_avoidance,
466,317666.245044,17400,18,117677512,120102912,192.168.88.253,35430,651,,congestion_avoidance,
467,317666.266059,17476,35,118310288,120771888,192.168.88.253,35430,1379,,loss_recovery,
468,317666.267794,17480,17,118359520,120800848,192.168.88.253,35430,192,,congestion_avoidance,
469,317666.271693,17500,21,118473912,120929720,192.168.88.253,35430,930,,congestion_avoidance,
470,317666.289508,17579,34,119002432,121471272,192.168.88.253,35430,976,,loss_recovery,
471,317666.290688,17582,18,119037184,121500232,192.168.88.253,35430,254,,congestion_avoidance,
472,317666.295828,17600,22,119195016,121663856,192.168.88.253,35430,884,,congestion_avoidance,
473,317666.321861,17700,39,119979832,122471840,192.168.88.253,35430,938,,congestion_avoidance,
474,317666.322386,17704,40,119994312,122492112,192.168.88.253,35430,1464,,loss_recovery,
475,317666.324030,17714,20,120034856,122512384,192.168.88.253,35430,444,,congestion_avoidance,
476,317666.343370,17798,34,120608264,123116200,192.168.88.253,35430,1226,,loss_recovery,
477,317666.343474,17800,17,120615504,123116200,192.168.88.253,35430,1332,,loss_recovery,
478,317666.344031,17804,17,120637224,123137920,192.168.88.253,35430,510,,congestion_avoidance,
479,317666.363043,17900,31,121203392,123733048,192.168.88.253,35430,1202,,congestion_avoidance,
480,317666.371339,17935,36,121445208,123977760,192.168.88.253,35430,1416,,loss_recovery,
481,317666.372554,17942,18,121488648,124003824,192.168.88.253,35430,558,,congestion_avoidance,
482,317666.384992,18000,28,121856440,124396232,192.168.88.253,35430,1216,,congestion_avoidance,
483,317666.403416,18070,36,122274912,124829184,192.168.88.253,35430,1257,,loss_recovery,
484,317666.404470,18081,18,122321248,124856696,192.168.88.253,35430,174,,congestion_avoidance,
485,317666.407444,18100,20,122408128,124943576,192.168.88.253,35430,848,,congestion_avoidance,
486,317666.429051,18182,35,123048144,125614000,192.168.88.253,35430,1395,,loss_recovery,
487,317666.430122,18190,17,123085792,125631376,192.168.88.253,35430,422,,congestion_avoidance,
488,317666.431867,18200,18,123133576,125692192,192.168.88.253,35430,509,,congestion_avoidance,
489,317666.450019,18300,33,123678024,126259808,192.168.88.253,35430,1478,,congestion_avoidance,
490,317666.459839,18362,38,123977760,126568232,192.168.88.253,35430,1496,,loss_recovery,
491,317666.461476,18372,19,124021200,126587056,192.168.88.253,35430,442,,congestion_avoidance,
492,317666.465324,18400,22,124137040,126720272,192.168.88.253,35430,921,,congestion_avoidance,
493,317666.483406,18500,34,124672800,127256032,192.168.88.253,35430,1497,,congestion_avoidance,
494,317666.485283,18515,36,124727824,127332776,192.168.88.253,35430,1275,,loss_recovery,
495,317666.486392,18523,18,124768368,127350152,192.168.88.253,35430,360,,congestion_avoidance,
496,317666.498711,18600,28,125131816,127729528,192.168.88.253,35430,899,,congestion_avoidance,
497,317666.513976,18693,37,125596624,128223296,192.168.88.253,35430,1669,,loss_recovery,
498,317666.515888,18699,18,125638616,128236328,192.168.88.253,35430,292,,congestion_avoidance,
499,317666.516020,18700,18,125641512,128243568,192.168.88.253,35430,422,,congestion_avoidance,
500,317666.538533,18800,34,126319176,128950192,192.168.88.253,35430,1152,,congestion_avoidance,
501,317666.539654,18802,35,126355376,128973360,192.168.88.253,35430,1463,,loss_recovery,
502,317666.540029,18804,17,126364064,128996528,192.168.88.253,35430,352,,congestion_avoidance,
503,317666.559609,18900,32,126953400,129596000,192.168.88.253,35430,1406,,congestion_avoidance,
504,317666.564456,18924,35,127089512,129765416,192.168.88.253,35430,1325,,loss_recovery,
505,317666.565812,18929,17,127131504,129778448,192.168.88.253,35430,330,,congestion_avoidance,
506,317666.579566,19000,28,127551424,130230224,192.168.88.253,35430,898,,congestion_avoidance,
507,317666.593072,19064,36,127961208,130653040,192.168.88.253,35430,1343,,loss_recovery,
508,317666.594595,19071,18,128000304,130670416,192.168.88.253,35430,907,,congestion_avoidance,
509,317666.600354,19100,22,128169720,130851416,192.168.88.253,35430,899,,congestion_avoidance,
510,317666.620301,19170,36,128772088,131484192,192.168.88.253,35430,1221,,loss_recovery,
511,317666.622222,19174,18,128816976,131503016,192.168.88.253,35430,430,,congestion_avoidance,
512,317666.627517,19200,22,128984944,131681120,192.168.88.253,35430,856,,congestion_avoidance,
513,317666.651280,19300,38,129697360,132421048,192.168.88.253,35430,1208,,congestion_avoidance,
514,317666.651594,19304,38,129708944,132442768,192.168.88.253,35430,1538,,loss_recovery,
515,317666.653780,19308,19,129759624,132464488,192.168.88.253,35430,328,,congestion_avoidance,
516,317666.678504,19400,36,130503896,133252200,192.168.88.253,35430,1668,,congestion_avoidance,
517,317666.681197,19409,25,130574848,133317360,192.168.88.253,35430,1189,,fast_retransmit,
518,317666.682017,19415,18,130616840,133343424,192.168.88.253,35430,567,,congestion_avoidance,
519,317666.704440,19494,35,131274232,134013848,192.168.88.253,35430,1389,,loss_recovery,
520,317666.705366,19499,17,131310432,134031224,192.168.88.253,35430,271,,congestion_avoidance,
521,317666.705737,19500,17,131322016,134042808,192.168.88.253,35430,347,,congestion_avoidance,
522,317666.729485,19600,34,132034432,134791424,192.168.88.253,35430,947,,congestion_avoidance,
523,317666.731191,19611,35,132074976,134842104,192.168.88.253,35430,1230,,loss_recovery,
524,317666.732431,19616,17,132121312,134860928,192.168.88.253,35430,323,,congestion_avoidance,
525,317666.751048,19700,31,132670104,135445920,192.168.88.253,35430,1288,,congestion_avoidance,
526,317666.758248,19736,35,132885856,135670360,192.168.88.253,35430,1283,,loss_recovery,
527,317666.759308,19743,17,132919160,135689184,192.168.88.253,35430,405,,congestion_avoidance,
528,317666.771221,19800,26,133272472,136054080,192.168.88.253,35430,965,,congestion_avoidance,
529,317666.785496,19852,35,133702528,136498616,192.168.88.253,35430,1417,,loss_recovery,
530,317666.786413,19856,17,133732936,136517440,192.168.88.253,35430,365,,congestion_avoidance,
531,317666.796584,19900,25,134031224,136837448,192.168.88.253,35430,1257,,congestion_avoidance,
532,317666.814613,19967,37,134571328,137394928,192.168.88.253,35430,1300,,loss_recovery,
533,317666.816359,19971,18,134617664,137428232,192.168.88.253,35430,431,,congestion_avoidance,
534,317666.822625,20000,22,134808800,137620816,192.168.88.253,35430,891,,congestion_avoidance,
535,317666.845897,20091,27,135493704,138334680,192.168.88.253,35430,1258,,fast_retransmit,
536,317666.846762,20097,19,135538592,138362192,192.168.88.253,35430,638,,congestion_avoidance,
537,317666.847290,20100,19,135551624,138369432,192.168.88.253,35430,1013,,congestion_avoidance,
538,317666.862042,20200,31,135991816,138824104,192.168.88.253,35430,1212,,congestion_avoidance,
539,317666.866513,20230,34,136125032,138968904,192.168.88.253,35430,1192,,loss_recovery,
540,317666.867598,20236,17,136159784,138989176,192.168.88.253,35430,317,,congestion_avoidance,
541,317666.876839,20300,24,136432008,139272984,192.168.88.253,35430,851,,congestion_avoidance,
542,317666.890245,20400,34,136833104,139692904,192.168.88.253,35430,1394,,congestion_avoidance,
543,317666.902798,20500,41,137198000,140070832,192.168.88.253,35430,1594,,congestion_avoidance,
544,317666.903439,20504,41,137215376,140089656,192.168.88.253,35430,1326,,loss_recovery,
545,317666.904366,20515,20,137257368,140118616,192.168.88.253,35430,768,,congestion_avoidance,
546,317666.915144,20600,28,137575928,140450208,192.168.88.253,35430,1340,,congestion_avoidance,
547,317666.927013,20700,36,137936480,140812208,192.168.88.253,35430,1221,,congestion_avoidance,
548,317666.938929,20786,42,138275312,141191584,192.168.88.253,35430,1527,,loss_recovery,
549,317666.939850,20798,21,138318752,141221992,192.168.88.253,35430,811,,congestion_avoidance,
550,317666.940168,20800,21,138324544,141232128,192.168.88.253,35430,659,,congestion_avoidance,
551,317666.955223,20900,32,138766184,141689696,192.168.88.253,35430,1385,,congestion_avoidance,
552,317666.961803,20948,24,138954424,141877936,192.168.88.253,35430,1457,,fast_retransmit,
553,317666.962558,20953,18,138997864,141898208,192.168.88.253,35430,657,,congestion_avoidance,
554,317666.968587,21000,23,139175968,142077760,192.168.88.253,35430,829,,congestion_avoidance,
555,317666.983831,21100,34,139626296,142539672,192.168.88.253,35430,1518,,congestion_avoidance,
556,317666.989082,21140,38,139794264,142730808,192.168.88.253,35430,804,,loss_recovery,
557,317666.990625,21149,19,139834808,142752528,192.168.88.253,35430,435,,congestion_avoidance,
558,317666.997071,21200,24,140021600,142959592,192.168.88.253,35430,928,,congestion_avoidance,
559,317667.013856,21300,35,140518264,143457704,192.168.88.253,35430,1425,,congestion_avoidance,
560,317667.016235,21323,37,140605144,143585128,192.168.88.253,35430,918,,loss_recovery,
561,317667.018158,21334,18,140644240,143595264,192.168.88.253,35430,1951,,congestion_avoidance,
562,317667.030025,21400,28,141014928,143964504,192.168.88.253,35430,1265,,congestion_avoidance,
563,317667.039463,21477,34,141292944,144267136,192.168.88.253,35430,1224,,loss_recovery,
564,317667.040481,21486,17,141327696,144285960,192.168.88.253,35430,332,,congestion_avoidance,
565,317667.042325,21500,17,141381272,144343880,192.168.88.253,35430,520,,congestion_avoidance,
566,317667.064123,21600,34,142027080,144994032,192.168.88.253,35430,1558,,congestion_avoidance,
567,317667.090806,21700,29,142685920,145670248,192.168.88.253,35430,1087,,congestion_avoidance,
568,317667.101850,21740,37,143024752,146040936,192.168.88.253,35430,1054,,loss_recovery,
569,317667.103501,21746,18,143068192,146072792,192.168.88.253,35430,874,,congestion_avoidance,
570,317667.119248,21800,31,143540240,146544840,192.168.88.253,35430,462,,congestion_avoidance,
571,317667.127065,21832,35,143776264,146809824,192.168.88.253,35430,1502,,loss_recovery,
572,317667.128941,21836,17,143819704,146827200,192.168.88.253,35430,422,,congestion_avoidance,
573,317667.138393,21900,24,144112200,147147208,192.168.88.253,35430,943,,congestion_avoidance,
574,317667.155433,21990,16,144621896,147649664,192.168.88.253,35430,761,,fast_retransmit,
575,317667.156325,21996,18,144650856,147677176,192.168.88.253,35430,532,,congestion_avoidance,
576,317667.157079,22000,18,144665336,147690208,192.168.88.253,35430,859,,congestion_avoidance,
577,317667.177262,22100,34,145267704,148307056,192.168.88.253,35430,1827,,congestion_avoidance,
578,317667.178212,22104,34,145287976,148336016,192.168.88.253,35430,1093,,loss_recovery,
579,317667.179534,22110,17,145338656,148359184,192.168.88.253,35430,466,,congestion_avoidance,
580,317667.197070,22200,30,145862832,148909424,192.168.88.253,35430,1426,,congestion_avoidance,
581,317667.205947,22247,36,146127816,149191784,192.168.88.253,35430,1461,,loss_recovery,
582,317667.207013,22253,18,146164016,149213504,192.168.88.253,35430,490,,congestion_avoidance,
583,317667.215898,22300,26,146421760,149484280,192.168.88.253,35430,1032,,congestion_avoidance,
584,317667.236378,22400,39,147045848,150125744,192.168.88.253,35430,1568,,congestion_avoidance,
585,317667.237354,22404,36,147051640,150146016,192.168.88.253,35430,1464,,fast_retransmit,
586,317667.238846,22410,19,147116800,150169184,192.168.88.253,35430,1322,,congestion_avoidance,
587,317667.256311,22500,33,147632288,150706392,192.168.88.253,35430,1178,,congestion_avoidance,
588,317667.263797,22536,18,147861072,150926488,192.168.88.253,35430,905,,fast_retransmit,
589,317667.264810,22543,18,147891480,150954000,192.168.88.253,35430,559,,congestion_avoidance,
590,317667.275480,22600,27,148210040,151276904,192.168.88.253,35430,837,,congestion_avoidance,
591,317667.285499,22658,34,148498192,151582432,192.168.88.253,35430,1106,,loss_recovery,
592,317667.286490,22666,17,148535840,151615736,192.168.88.253,35430,641,,congestion_avoidance,
593,317667.292451,22700,23,148712496,151793840,192.168.88.253,35430,891,,congestion_avoidance,
594,317667.311415,22800,36,149275768,152368696,192.168.88.253,35430,1320,,congestion_avoidance,
595,317667.317123,22824,39,149440840,152554040,192.168.88.253,35430,1338,,loss_recovery,
596,317667.318196,22830,19,149487176,152572864,192.168.88.253,35430,436,,congestion_avoidance,
597,317667.331761,22900,29,149891168,153008712,192.168.88.253,35430,680,,congestion_avoidance,
598,317667.339668,22931,34,150118504,153241840,192.168.88.253,35430,1169,,loss_recovery,
599,317667.340407,22936,17,150151808,153263560,192.168.88.253,35430,596,,congestion_avoidance,
600,317667.351787,23000,26,150489192,153615424,192.168.88.253,35430,933,,congestion_avoidance,
601,317667.372153,23100,39,151079976,154226480,192.168.88.253,35430,1385,,congestion_avoidance,
602,317667.373300,23109,37,151121968,154282952,192.168.88.253,35430,1019,,fast_retransmit,
603,317667.375090,23114,20,151184232,154309016,192.168.88.253,35430,953,,congestion_avoidance,
604,317667.391990,23200,33,151685240,154825952,192.168.88.253,35430,1193,,congestion_avoidance,
605,317667.397760,23231,36,151870584,155027224,192.168.88.253,35430,1287,,loss_recovery,
606,317667.399349,23240,18,151914024,155044600,192.168.88.253,35430,361,,congestion_avoidance,
607,317667.412661,23300,29,152309328,155461624,192.168.88.253,35430,1206,,congestion_avoidance,
608,317667.422867,23348,35,152598928,155768600,192.168.88.253,35430,1557,,loss_recovery,
609,317667.423687,23356,17,152640920,155791768,192.168.88.253,35430,611,,congestion_avoidance,
610,317667.431736,23400,23,152879840,156042272,192.168.88.253,35430,733,,congestion_avoidance,
611,317667.452522,23500,37,153493792,156662016,192.168.88.253,35430,1414,,congestion_avoidance,
612,317667.454570,23506,38,153551712,156740208,192.168.88.253,35430,1164,,loss_recovery,
613,317667.455687,23511,19,153595152,156759032,192.168.88.253,35430,447,,congestion_avoidance,
614,317667.471356,23600,30,154062856,157252800,192.168.88.253,35430,1247,,congestion_avoidance,
615,317667.486723,23674,18,154523320,157710368,192.168.88.253,35430,592,,fast_retransmit,
616,317667.487761,23681,19,154556624,157739328,192.168.88.253,35430,662,,congestion_avoidance,
617,317667.491018,23700,22,154647848,157826208,192.168.88.253,35430,981,,congestion_avoidance,
618,317667.508461,23795,34,155160440,158364864,192.168.88.253,35430,1235,,loss_recovery,
619,317667.509146,23800,17,155193744,158386584,192.168.88.253,35430,493,,congestion_avoidance,
620,317667.533395,23894,34,155914848,159130856,192.168.88.253,35430,1469,,loss_recovery,
621,317667.534225,23899,17,155939464,159161264,192.168.88.253,35430,773,,congestion_avoidance,
622,317667.534463,23900,17,155949600,159161264,192.168.88.253,35430,656,,congestion_avoidance,
623,317667.560387,23998,35,156727176,159976488,192.168.88.253,35430,1489,,loss_recovery,
624,317667.561472,24000,17,156753240,159976488,192.168.88.253,35430,1738,,loss_recovery,
625,317667.562025,24003,17,156776408,159995312,192.168.88.253,35430,270,,congestion_avoidance,
626,317667.585404,24093,34,157464208,160725104,192.168.88.253,35430,1479,,loss_recovery,
627,317667.586304,24099,17,157497512,160749720,192.168.88.253,35430,820,,congestion_avoidance,
628,317667.586512,24100,17,157506200,160759856,192.168.88.253,35430,621,,congestion_avoidance,
629,317667.611432,24200,36,158256264,161524400,192.168.88.253,35430,1208,,congestion_avoidance,
630,317667.611673,24203,18,158259160,161524400,192.168.88.253,35430,604,,fast_retransmit,
631,317667.612743,24210,18,158289568,161551912,192.168.88.253,35430,653,,congestion_avoidance,
632,317667.637798,24296,36,159028048,162297632,192.168.88.253,35430,1709,,loss_recovery,
633,317667.638340,24299,18,159054112,162325144,192.168.88.253,35430,508,,congestion_avoidance,
634,317667.638401,24300,18,159058456,162325144,192.168.88.253,35430,311,,congestion_avoidance,
635,317667.664489,24381,36,159820104,163121544,192.168.88.253,35430,1429,,loss_recovery,
636,317667.665422,24388,18,159867888,163147608,192.168.88.253,35430,340,,congestion_avoidance,
637,317667.668443,24400,19,159954768,163235936,192.168.88.253,35430,769,,congestion_avoidance,
638,317667.692833,24500,37,160678768,163974416,192.168.88.253,35430,1302,,congestion_avoidance,
639,317667.694566,24506,38,160725104,164029440,192.168.88.253,35430,1685,,loss_recovery,
640,317667.695510,24510,19,160761304,164058400,192.168.88.253,35430,463,,congestion_avoidance,
641,317667.718303,24600,34,161431728,164756336,192.168.88.253,35430,1178,,congestion_avoidance,
642,317667.722786,24627,24,161557704,164883760,192.168.88.253,35430,1536,,fast_retransmit,
643,317667.723325,24631,18,161599696,164905480,192.168.88.253,35430,438,,congestion_avoidance,
644,317667.741907,24700,33,162144144,165465856,192.168.88.253,35430,1206,,congestion_avoidance,
645,317667.745061,24708,35,162238264,165557080,192.168.88.253,35430,1402,,loss_recovery,
646,317667.745696,24712,17,162262880,165587488,192.168.88.253,35430,610,,congestion_avoidance,
647,317667.767880,24800,33,162921720,166270944,192.168.88.253,35430,1622,,congestion_avoidance,
648,317667.771414,24818,35,163028872,166372304,192.168.88.253,35430,1353,,loss_recovery,
649,317667.772405,24822,17,163060728,166389680,192.168.88.253,35430,425,,congestion_avoidance,
650,317667.795815,24900,35,163761560,167099200,192.168.88.253,35430,1395,,congestion_avoidance,
651,317667.798447,24918,36,163838304,167202008,192.168.88.253,35430,1360,,loss_recovery,
652,317667.800063,24921,18,163873056,167220832,192.168.88.253,35430,481,,congestion_avoidance,
653,317667.822955,25000,35,164563752,167952072,192.168.88.253,35430,1604,,congestion_avoidance,
654,317667.830488,25033,39,164799776,168196784,192.168.88.253,35430,1388,,loss_recovery,
655,317667.832376,25037,19,164851904,168230088,192.168.88.253,35430,547,,congestion_avoidance,
656,317667.850404,25100,32,165389112,168780328,192.168.88.253,35430,1362,,congestion_avoidance,
657,317667.858298,25134,37,165632376,169043864,192.168.88.253,35430,1376,,loss_recovery,
658,317667.860086,25140,18,165681608,169075720,192.168.88.253,35430,326,,congestion_avoidance,
659,317667.873459,25200,29,166079808,169499984,192.168.88.253,35430,1034,,congestion_avoidance,
660,317667.890095,25274,25,166563440,169986512,192.168.88.253,35430,1217,,fast_retransmit,
661,317667.891550,25284,19,166625704,170024160,192.168.88.253,35430,657,,congestion_avoidance,
662,317667.895804,25300,23,166745888,170148688,192.168.88.253,35430,1032,,congestion_avoidance,
663,317667.915220,25361,36,167325088,170748160,192.168.88.253,35430,1371,,loss_recovery,
664,317667.916543,25364,18,167364184,170780016,192.168.88.253,35430,298,,congestion_avoidance,
665,317667.924024,25400,24,167590072,171008800,192.168.88.253,35430,971,,congestion_avoidance,
666,317667.942190,25461,36,168125832,171573520,192.168.88.253,35430,1868,,loss_recovery,
667,317667.943152,25464,18,168160584,171590896,192.168.88.253,35430,874,,congestion_avoidance,
668,317667.950991,25500,24,168393712,171835608,192.168.88.253,35430,925,,congestion_avoidance,
669,317667.966463,25559,26,168842592,172303312,192.168.88.253,35430,1045,,fast_retransmit,
670,317667.967544,25563,17,168888928,172322136,192.168.88.253,35430,940,,congestion_avoidance,
671,317667.976798,25600,26,169164048,172614632,192.168.88.253,35430,1265,,congestion_avoidance,
672,317667.991068,25647,35,169588312,173056272,192.168.88.253,35430,1510,,loss_recovery,
673,317667.991735,25650,17,169617272,173085232,192.168.88.253,35430,305,,congestion_avoidance,
674,317668.003765,25700,26,169972032,173458816,192.168.88.253,35430,1136,,congestion_avoidance,
675,317668.020873,25770,37,170488968,173997472,192.168.88.253,35430,1661,,loss_recovery,
676,317668.022776,25777,18,170541096,174030776,192.168.88.253,35430,541,,congestion_avoidance,
677,317668.027236,25800,20,170674312,174163992,192.168.88.253,35430,1001,,congestion_avoidance,
678,317668.049972,25889,36,171338944,174877856,192.168.88.253,35430,1422,,loss_recovery,
679,317668.050930,25895,18,171386728,174901024,192.168.88.253,35430,393,,congestion_avoidance,
680,317668.052176,25900,19,171421480,174940120,192.168.88.253,35430,622,,congestion_avoidance,
681,317668.073407,26000,34,172057152,175596064,192.168.88.253,35430,1336,,congestion_avoidance,
682,317668.086536,26100,20,172443768,175987024,192.168.88.253,35430,779,,congestion_avoidance,
683,317668.100004,26200,31,172847760,176408392,192.168.88.253,35430,1148,,congestion_avoidance,
684,317668.109589,26266,18,173138808,176692200,192.168.88.253,35430,555,,fast_retransmit,
685,317668.110629,26275,18,173170664,176719712,192.168.88.253,35430,646,,congestion_avoidance,
686,317668.113685,26300,21,173261888,176810936,192.168.88.253,35430,922,,congestion_avoidance,
687,317668.131728,26400,34,173791856,177352488,192.168.88.253,35430,1124,,congestion_avoidance,
688,317668.133726,26417,35,173854120,177427784,192.168.88.253,35430,1284,,loss_recovery,
689,317668.134664,26428,17,173888872,177448056,192.168.88.253,35430,350,,congestion_avoidance,
690,317668.145787,26500,26,174219016,177798472,192.168.88.253,35430,1012,,congestion_avoidance,
691,317668.156497,26554,34,174524544,178117032,192.168.88.253,35430,1313,,loss_recovery,
692,317668.157056,26561,17,174557848,178138752,192.168.88.253,35430,497,,congestion_avoidance,
693,317668.163299,26600,21,174738848,178326992,192.168.88.253,35430,756,,congestion_avoidance,
694,317668.181206,26700,35,175276056,178884472,192.168.88.253,35430,1629,,congestion_avoidance,
695,317668.189441,26743,25,175504840,179114704,192.168.88.253,35430,1391,,fast_retransmit,
696,317668.190279,26748,19,175548280,179143664,192.168.88.253,35430,714,,congestion_avoidance,
697,317668.199079,26800,27,175808920,179415888,192.168.88.253,35430,1244,,congestion_avoidance,
698,317668.210354,26863,34,176140512,179757616,192.168.88.253,35430,1441,,loss_recovery,
699,317668.211493,26870,17,176181056,179788024,192.168.88.253,35430,491,,congestion_avoidance,
700,317668.215678,26900,20,176309928,179925584,192.168.88.253,35430,786,,congestion_avoidance,
701,317668.233779,27000,34,176851480,180477272,192.168.88.253,35430,1245,,congestion_avoidance,
702,317668.235666,27006,34,176892024,180526504,192.168.88.253,35430,1330,,loss_recovery,
703,317668.236138,27012,17,176922432,180546776,192.168.88.253,35430,393,,congestion_avoidance,
704,317668.249540,27100,28,177320632,180962352,192.168.88.253,35430,1162,,congestion_avoidance,
705,317668.258743,27166,34,177588512,181246160,192.168.88.253,35430,1465,,loss_recovery,
706,317668.259778,27175,17,177626160,181263536,192.168.88.253,35430,488,,congestion_avoidance,
707,317668.262777,27200,19,177717384,181362000,192.168.88.253,35430,771,,congestion_avoidance,
708,317668.275265,27300,29,178082280,181744272,192.168.88.253,35430,1006,,congestion_avoidance,
709,317668.287266,27400,37,178445728,182120752,192.168.88.253,35430,1459,,congestion_avoidance,
710,317668.295671,27461,41,178683200,182390080,192.168.88.253,35430,1520,,loss_recovery,
711,317668.296584,27473,20,178728088,182419040,192.168.88.253,35430,750,,congestion_avoidance,
712,317668.300167,27500,23,178833792,182526192,192.168.88.253,35430,834,,congestion_avoidance,
713,317668.312504,27600,32,179198688,182904120,192.168.88.253,35430,1171,,congestion_avoidance,
714,317668.314968,27619,34,179269640,182985208,192.168.88.253,35430,1466,,loss_recovery,
715,317668.315815,27627,17,179304392,183004032,192.168.88.253,35430,746,,congestion_avoidance,
716,317668.325071,27700,25,179572272,183293632,192.168.88.253,35430,1085,,congestion_avoidance,
717,317668.338700,27800,35,179983504,183707760,192.168.88.253,35430,1532,,congestion_avoidance,
718,317668.339880,27809,35,180018256,183756992,192.168.88.253,35430,1351,,loss_recovery,
719,317668.340989,27818,17,180055904,183777264,192.168.88.253,35430,297,,congestion_avoidance,
720,317668.351395,27900,26,180364328,184103064,192.168.88.253,35430,1104,,congestion_avoidance,
721,317668.364158,28000,34,180745152,184501264,192.168.88.253,35430,1659,,congestion_avoidance,
722,317668.377576,28100,42,181141904,184882088,192.168.88.253,35430,1450,,congestion_avoidance,
723,317668.378251,28110,42,181172312,184963176,192.168.88.253,35430,1321,,loss_recovery,
724,317668.380047,28118,21,181217200,184995032,192.168.88.253,35430,835,,congestion_avoidance,
725,317668.389994,28200,29,181518384,185304904,192.168.88.253,35430,1031,,congestion_avoidance,
726,317668.398325,28262,34,181765992,185562648,192.168.88.253,35430,1273,,loss_recovery,
727,317668.399299,28272,17,181799296,185581472,192.168.88.253,35430,286,,congestion_avoidance,
728,317668.402804,28300,19,181900656,185690072,192.168.88.253,35430,791,,congestion_avoidance,
729,317668.416952,28400,31,182323472,186121576,192.168.88.253,35430,1402,,congestion_avoidance,
730,317668.431791,28499,26,182752080,186567560,192.168.88.253,35430,1205,,fast_retransmit,
731,317668.431882,28500,25,182752080,186567560,192.168.88.253,35430,1090,,fast_retransmit,
732,317668.433409,28512,19,182818688,186616792,192.168.88.253,35430,523,,congestion_avoidance,
733,317668.444725,28600,28,183145936,186958520,192.168.88.253,35430,1179,,congestion_avoidance,
734,317668.452504,28664,34,183379064,187198888,192.168.88.253,35430,1423,,loss_recovery,
735,317668.453509,28674,17,183415264,187216264,192.168.88.253,35430,406,,congestion_avoidance,
736,317668.456692,28700,19,183507936,187316176,192.168.88.253,35430,692,,congestion_avoidance,
737,317668.470361,28800,30,183917720,187741888,192.168.88.253,35430,1116,,congestion_avoidance,
738,317668.483329,28871,38,184291304,188134296,192.168.88.253,35430,1705,,loss_recovery,
739,317668.484528,28883,19,184341984,188161808,192.168.88.253,35430,724,,congestion_avoidance,
740,317668.486862,28900,20,184408592,188240000,192.168.88.253,35430,682,,congestion_avoidance,
741,317668.504589,28996,34,184935664,188791688,192.168.88.253,35430,1370,,loss_recovery,
742,317668.505133,29000,17,184948696,188800376,192.168.88.253,35430,1008,,loss_recovery,
743,317668.505890,29006,17,184980552,188822096,192.168.88.253,35430,677,,congestion_avoidance,
744,317668.516902,29100,26,185310696,189165272,192.168.88.253,35430,965,,congestion_avoidance,
745,317668.533186,29178,37,185785640,189664832,192.168.88.253,35430,1327,,loss_recovery,
746,317668.534202,29189,18,185824736,189682208,192.168.88.253,35430,412,,congestion_avoidance,
747,317668.535306,29200,19,185860936,189721304,192.168.88.253,35430,488,,congestion_avoidance,
748,317668.557794,29300,35,186535704,190449648,192.168.88.253,35430,884,,loss_recovery,
749,317668.559687,29310,17,186589280,190467024,192.168.88.253,35430,768,,congestion_avoidance,
750,317668.583334,29392,35,187298800,191214192,192.168.88.253,35430,1193,,loss_recovery,
751,317668.584915,29397,17,187340792,191233016,192.168.88.253,35430,459,,congestion_avoidance,
752,317668.585647,29400,17,187359616,191256184,192.168.88.253,35430,610,,congestion_avoidance,
753,317668.603781,29500,31,187904064,191819456,192.168.88.253,35430,1357,,congestion_avoidance,
754,317668.613801,29550,18,188206696,192120640,192.168.88.253,35430,704,,fast_retransmit,
755,317668.614885,29557,19,188238552,192149600,192.168.88.253,35430,700,,congestion_avoidance,
756,317668.622128,29600,25,188451408,192369696,192.168.88.253,35430,1082,,congestion_avoidance,
757,317668.639327,29700,36,188958208,192880840,192.168.88.253,35430,1299,,congestion_avoidance,
758,317668.647876,29741,41,189208712,193151616,192.168.88.253,35430,1447,,loss_recovery,
759,317668.648851,29749,20,189252152,193180576,192.168.88.253,35430,769,,congestion_avoidance,
760,317668.658545,29800,28,189531616,193475968,192.168.88.253,35430,1003,,congestion_avoidance,
761,317668.676392,29900,39,190071720,194021864,192.168.88.253,35430,1481,,congestion_avoidance,
762,317668.680420,29921,41,190200592,194188384,192.168.88.253,35430,1372,,loss_recovery,
763,317668.682128,29928,20,190246928,194217344,192.168.88.253,35430,803,,congestion_avoidance,
764,317668.702805,30000,35,190849296,194835640,192.168.88.253,35430,1685,,congestion_avoidance,
765,317668.705386,30010,36,190940520,194925416,192.168.88.253,35430,1789,,loss_recovery,
766,317668.706414,30013,18,190975272,194951480,192.168.88.253,35430,437,,congestion_avoidance,
767,317668.730539,30100,35,191683344,195685616,192.168.88.253,35430,1770,,congestion_avoidance,
768,317668.735425,30121,38,191844072,195863720,192.168.88.253,35430,1230,,loss_recovery,
769,317668.737567,30128,19,191896200,195897024,192.168.88.253,35430,375,,congestion_avoidance,
770,317668.757681,30200,33,192495672,196513872,192.168.88.253,35430,1154,,congestion_avoidance,
771,317668.764512,30224,37,192698392,196733968,192.168.88.253,35430,1172,,loss_recovery,
772,317668.765705,30232,18,192741832,196764376,192.168.88.253,35430,445,,congestion_avoidance,
773,317668.783230,30300,32,193261664,197294344,192.168.88.253,35430,1355,,congestion_avoidance,
774,317668.792151,30326,27,193523752,197570912,192.168.88.253,35430,827,,fast_retransmit,
775,317668.793067,30333,18,193567192,197594080,192.168.88.253,35430,766,,congestion_avoidance,
776,317668.808962,30400,29,194032000,198057440,192.168.88.253,35430,1153,,congestion_avoidance,
777,317668.824954,30482,39,194498256,198561344,192.168.88.253,35430,1306,,loss_recovery,
778,317668.825111,30483,24,194498256,198562792,192.168.88.253,35430,1468,,fast_retransmit,
779,317668.825767,30487,19,194537352,198583064,192.168.88.253,35430,635,,congestion_avoidance,
780,317668.828152,30500,22,194609752,198668496,192.168.88.253,35430,1000,,congestion_avoidance,
781,317668.848487,30600,36,195219360,199282448,192.168.88.253,35430,921,,congestion_avoidance,
782,317668.849044,30601,36,195226600,199299824,192.168.88.253,35430,1392,,loss_recovery,
783,317668.850206,30609,18,195267144,199325888,192.168.88.253,35430,548,,congestion_avoidance,
784,317668.866517,30700,31,195753672,199825448,192.168.88.253,35430,1390,,congestion_avoidance,
785,317668.879005,30800,38,196115672,200199032,192.168.88.253,35430,1500,,congestion_avoidance,
786,317668.884668,30843,41,196305360,200407544,192.168.88.253,35430,1667,,loss_recovery,
787,317668.886318,30853,20,196350248,200429264,192.168.88.253,35430,711,,congestion_avoidance,
788,317668.893142,30900,25,196548624,200649360,192.168.88.253,35430,1033,,congestion_avoidance,
789,317668.915744,31000,36,197055424,201154712,192.168.88.253,35430,889,,congestion_avoidance,
790,317668.923147,31028,39,197259592,201380600,192.168.88.253,35430,1161,,loss_recovery,
791,317668.924109,31035,19,197301584,201413904,192.168.88.253,35430,839,,congestion_avoidance,
792,317668.937449,31100,27,197669376,201787488,192.168.88.253,35430,1105,,congestion_avoidance,
793,317668.950383,31170,26,198042960,202172656,192.168.88.253,35430,1411,,fast_retransmit,
794,317668.951456,31176,17,198086400,202198720,192.168.88.253,35430,399,,congestion_avoidance,
795,317668.955001,31200,20,198196448,202308768,192.168.88.253,35430,936,,congestion_avoidance,
796,317668.967419,31300,30,198561344,202688144,192.168.88.253,35430,1136,,congestion_avoidance,
797,317668.979682,31400,38,198934928,203066072,192.168.88.253,35430,1584,,congestion_avoidance,
798,317668.982963,31424,39,199021808,203164536,192.168.88.253,35430,1379,,loss_recovery,
799,317668.984056,31435,19,199063800,203183360,192.168.88.253,35430,488,,congestion_avoidance,
800,317668.992744,31500,26,199328784,203468616,192.168.88.253,35430,696,,congestion_avoidance,
801,317669.009368,31600,37,199812416,203955144,192.168.88.253,35430,1242,,congestion_avoidance,
802,317669.015141,31637,38,199976040,204144832,192.168.88.253,35430,1342,,fast_retransmit,
803,317669.016563,31643,20,200038304,204175240,192.168.88.253,35430,1238,,congestion_avoidance,
804,317669.023190,31700,26,200236680,204375064,192.168.88.253,35430,1224,,congestion_avoidance,
805,317669.037103,31800,35,200639224,204786296,192.168.88.253,35430,1435,,congestion_avoidance,
806,317669.042117,31837,25,200782576,204936888,192.168.88.253,35430,1447,,fast_retransmit,
807,317669.042987,31844,19,200826016,204967296,192.168.88.253,35430,751,,congestion_avoidance,
808,317669.049472,31900,25,201022944,205162776,192.168.88.253,35430,822,,congestion_avoidance,
809,317669.063268,31991,34,201421144,205582696,192.168.88.253,35430,1247,,loss_recovery,
810,317669.063896,32000,17,201448656,205602968,192.168.88.253,35430,450,,loss_recovery,
811,317669.063936,32001,17,201451552,205602968,192.168.88.253,35430,491,,congestion_avoidance,
812,317669.075977,32100,27,201812104,205986688,192.168.88.253,35430,1178,,congestion_avoidance,
813,317669.088561,32161,35,202184240,206367512,192.168.88.253,35430,1224,,loss_recovery,
814,317669.089590,32171,17,202221888,206384888,192.168.88.253,35430,322,,congestion_avoidance,
815,317669.092785,32200,20,202317456,206493488,192.168.88.253,35430,667,,congestion_avoidance,
816,317669.104296,32300,29,202660632,206845352,192.168.88.253,35430,1247,,congestion_avoidance,
817,317669.116881,32400,37,203022632,207218936,192.168.88.253,35430,1428,,congestion_avoidance,
818,317669.120446,32430,39,203129784,207337672,192.168.88.253,35430,1343,,loss_recovery,
819,317669.121482,32441,19,203170328,207356496,192.168.88.253,35430,392,,congestion_avoidance,
820,317669.128136,32500,25,203374496,207572248,192.168.88.253,35430,842,,congestion_avoidance,
821,317669.139645,32600,33,203710432,207922664,192.168.88.253,35430,1450,,congestion_avoidance,
822,317669.142443,32615,34,203788624,208008096,192.168.88.253,35430,1154,,loss_recovery,
823,317669.143148,32621,17,203819032,208031264,192.168.88.253,35430,545,,congestion_avoidance,
824,317669.156896,32700,27,204224472,208456976,192.168.88.253,35430,1096,,congestion_avoidance,
825,317669.175405,32800,39,204771816,209004320,192.168.88.253,35430,1370,,congestion_avoidance,
826,317669.181836,32833,42,204960056,209212832,192.168.88.253,35430,1575,,loss_recovery,
827,317669.182785,32841,21,205004944,209243240,192.168.88.253,35430,825,,congestion_avoidance,
828,317669.192311,32900,29,205288752,209540080,192.168.88.253,35430,1126,,congestion_avoidance,
829,317669.203201,32956,35,205604416,209867328,192.168.88.253,35430,1348,,loss_recovery,
830,317669.204243,32963,17,205649304,209891944,192.168.88.253,35430,178,,congestion_avoidance,
831,317669.211124,33000,23,205844784,210097560,192.168.88.253,35430,958,,congestion_avoidance,
832,317669.231625,33100,37,206451496,210720200,192.168.88.253,35430,1343,,congestion_avoidance,
833,317669.233167,33112,19,206512312,210773776,192.168.88.253,35430,703,,fast_retransmit,
834,317669.234245,33120,19,206545616,210804184,192.168.88.253,35430,645,,congestion_avoidance,
835,317669.249217,33200,31,206978568,211253064,192.168.88.253,35430,1417,,congestion_avoidance,
836,317669.257365,33253,35,207226176,211506464,192.168.88.253,35430,1735,,loss_recovery,
837,317669.258275,33259,17,207260928,211525288,192.168.88.253,35430,764,,congestion_avoidance,
838,317669.266499,33300,23,207501296,211778688,192.168.88.253,35430,992,,congestion_avoidance,
839,317669.285643,33400,36,208083392,212381056,192.168.88.253,35430,1003,,congestion_avoidance,
840,317669.286025,33404,36,208096424,212398432,192.168.88.253,35430,1402,,loss_recovery,
841,317669.287817,33411,18,208145656,212428840,192.168.88.253,35430,263,,congestion_avoidance,
842,317669.306023,33500,31,208679968,212974736,192.168.88.253,35430,1280,,congestion_avoidance,
843,317669.320478,33571,40,209108576,213432304,192.168.88.253,35430,1375,,loss_recovery,
844,317669.321778,33579,20,209156360,213471400,192.168.88.253,35430,619,,congestion_avoidance,
845,317669.324954,33600,23,209254824,213569864,192.168.88.253,35430,1021,,congestion_avoidance,
846,317669.342997,33700,36,209799272,214127344,192.168.88.253,35430,935,,congestion_avoidance,
847,317669.344329,33706,26,209810856,214143272,192.168.88.253,35430,1506,,fast_retransmit,
848,317669.344982,33710,18,209854296,214166440,192.168.88.253,35430,574,,congestion_avoidance,
849,317669.360201,33800,31,210304624,214628352,192.168.88.253,35430,1251,,congestion_avoidance,
850,317669.365350,33826,34,210452320,214790528,192.168.88.253,35430,1193,,loss_recovery,
851,317669.366045,33831,17,210482728,214810800,192.168.88.253,35430,653,,congestion_avoidance,
852,317669.378161,33900,28,210846176,215195968,192.168.88.253,35430,911,,congestion_avoidance,
853,317669.397033,34000,39,211400760,215767928,192.168.88.253,35430,1207,,congestion_avoidance,
854,317669.401926,34025,42,211558592,215954720,192.168.88.253,35430,1429,,loss_recovery,
855,317669.403558,34034,21,211604928,215976440,192.168.88.253,35430,798,,congestion_avoidance,
856,317669.416880,34100,30,211992992,216390568,192.168.88.253,35430,1165,,congestion_avoidance,
857,317669.425480,34138,36,212246392,216654104,192.168.88.253,35430,1347,,loss_recovery,
858,317669.426545,34147,18,212288384,216668584,192.168.88.253,35430,411,,congestion_avoidance,
859,317669.436322,34200,26,212570744,216981352,192.168.88.253,35430,1478,,congestion_avoidance,
860,317669.448832,34266,34,212939984,217359280,192.168.88.253,35430,1282,,loss_recovery,
861,317669.449529,34271,17,212976184,217379552,192.168.88.253,35430,537,,congestion_avoidance,
862,317669.455885,34300,21,213165872,217585168,192.168.88.253,35430,1000,,congestion_avoidance,
863,317669.474051,34400,35,213695840,218128168,192.168.88.253,35430,1330,,congestion_avoidance,
864,317669.479720,34431,38,213866704,218312064,192.168.88.253,35430,1433,,loss_recovery,
865,317669.480614,34437,19,213908696,218330888,192.168.88.253,35430,760,,congestion_avoidance,
866,317669.490653,34500,27,214206984,218650896,192.168.88.253,35430,1032,,congestion_avoidance,
867,317669.506673,34582,26,214666000,219122944,192.168.88.253,35430,1375,,fast_retransmit,
868,317669.507481,34588,18,214712336,219151904,192.168.88.253,35430,664,,congestion_avoidance,
869,317669.509446,34600,20,214768808,219211272,192.168.88.253,35430,775,,congestion_avoidance,
870,317669.526878,34700,33,215288640,219742688,192.168.88.253,35430,1510,,congestion_avoidance,
871,317669.536350,34754,24,215537696,220000432,192.168.88.253,35430,1374,,fast_retransmit,
872,317669.537166,34759,18,215582584,220017808,192.168.88.253,35430,695,,congestion_avoidance,
873,317669.545012,34800,25,215812816,220263968,192.168.88.253,35430,1234,,congestion_avoidance,
874,317669.559495,34878,35,216231288,220699816,192.168.88.253,35430,1369,,loss_recovery,
875,317669.560404,34886,17,216277624,220724432,192.168.88.253,35430,401,,congestion_avoidance,
876,317669.562632,34900,19,216339888,220798280,192.168.88.253,35430,649,,congestion_avoidance,
877,317669.590775,35000,37,217074024,221557032,192.168.88.253,35430,1414,,congestion_avoidance,
878,317669.594319,35018,36,217162352,221655496,192.168.88.253,35430,1479,,fast_retransmit,
879,317669.595829,35022,19,217228960,221684456,192.168.88.253,35430,1260,,congestion_avoidance,
880,317669.613218,35100,32,217738656,222195600,192.168.88.253,35430,1456,,congestion_avoidance,
881,317669.618787,35122,36,217919656,222428728,192.168.88.253,35430,1049,,loss_recovery,
882,317669.620812,35128,18,217968888,222441760,192.168.88.253,35430,2069,,congestion_avoidance,
883,317669.634829,35200,30,218391704,222890640,192.168.88.253,35430,1207,,congestion_avoidance,
884,317669.648395,35258,38,218784112,223294632,192.168.88.253,35430,1487,,loss_recovery,
885,317669.649513,35265,19,218834792,223322144,192.168.88.253,35430,553,,congestion_avoidance,
886,317669.656344,35300,24,219036064,223537896,192.168.88.253,35430,1103,,congestion_avoidance,
887,317669.677548,35374,38,219658704,224185152,192.168.88.253,35430,1402,,loss_recovery,
888,317669.678628,35379,19,219705040,224212664,192.168.88.253,35430,462,,congestion_avoidance,
889,317669.683757,35400,23,219854184,224371944,192.168.88.253,35430,952,,congestion_avoidance,
890,317669.700511,35481,35,220360984,224906256,192.168.88.253,35430,1373,,loss_recovery,
891,317669.702067,35489,17,220402976,224923632,192.168.88.253,35430,437,,congestion_avoidance,
892,317669.704220,35500,18,220465240,224997480,192.168.88.253,35430,587,,congestion_avoidance,
893,317669.728123,35600,36,221182000,225734512,192.168.88.253,35430,1746,,congestion_avoidance,
894,317669.731794,35614,25,221268880,225822840,192.168.88.253,35430,1611,,fast_retransmit,
895,317669.732440,35619,19,221310872,225848904,192.168.88.253,35430,573,,congestion_avoidance,
896,317669.757409,35700,37,222055144,226613448,192.168.88.253,35430,1850,,congestion_avoidance,
897,317669.760970,35712,39,222152160,226739424,192.168.88.253,35430,1462,,loss_recovery,
898,317669.762011,35720,19,222197048,226761144,192.168.88.253,35430,576,,congestion_avoidance,
899,317669.780913,35800,33,222757424,227340344,192.168.88.253,35430,1516,,congestion_avoidance,
900,317669.790152,35844,38,223041232,227653112,192.168.88.253,35430,1439,,loss_recovery,
901,317669.791682,35850,19,223081776,227674832,192.168.88.253,35430,451,,congestion_avoidance,
902,317669.801618,35900,26,223375720,227980360,192.168.88.253,35430,927,,congestion_avoidance,
903,317669.816258,35971,35,223811568,228430688,192.168.88.253,35430,1155,,loss_recovery,
904,317669.817281,35975,17,223841976,228445168,192.168.88.253,35430,337,,congestion_avoidance,
905,317669.821855,36000,20,223985328,228604448,192.168.88.253,35430,516,,congestion_avoidance,
906,317669.840232,36071,34,224531224,229160480,192.168.88.253,35430,1602,,loss_recovery,
907,317669.841245,36075,17,224564528,229195232,192.168.88.253,35430,586,,congestion_avoidance,
908,317669.846597,36100,22,224719464,229361752,192.168.88.253,35430,875,,congestion_avoidance,
909,317669.865098,36180,36,225279840,229945296,192.168.88.253,35430,1509,,loss_recovery,
910,317669.866757,36188,18,225324728,229964120,192.168.88.253,35430,515,,congestion_avoidance,
911,317669.869521,36200,19,225407264,230064032,192.168.88.253,35430,782,,congestion_avoidance,
912,317669.892275,36271,36,226079136,230750384,192.168.88.253,35430,1431,,loss_recovery,
913,317669.893133,36276,18,226116784,230776448,192.168.88.253,35430,350,,congestion_avoidance,
914,317669.899921,36300,22,226316608,230993648,192.168.88.253,35430,994,,congestion_avoidance,
915,317669.921244,36368,37,226943592,231656832,192.168.88.253,35430,1324,,loss_recovery,
916,317669.922434,36373,18,226991376,231687240,192.168.88.253,35430,463,,congestion_avoidance,
917,317669.928581,36400,23,227165136,231872584,192.168.88.253,35430,823,,congestion_avoidance,
918,317669.944316,36460,34,227640080,232360560,192.168.88.253,35430,1556,,loss_recovery,
919,317669.945403,36465,17,227674832,232390968,192.168.88.253,35430,486,,congestion_avoidance,
920,317669.952345,36500,22,227879000,232609616,192.168.88.253,35430,962,,congestion_avoidance,
921,317669.975660,36599,38,228582728,233337960,192.168.88.253,35430,1519,,loss_recovery,
922,317669.976026,36600,23,228587072,233337960,192.168.88.253,35430,1284,,loss_recovery,
923,317669.977456,36606,19,228627616,233359680,192.168.88.253,35430,484,,congestion_avoidance,
924,317669.999056,36687,34,229271976,234048928,192.168.88.253,35430,1017,,loss_recovery,
925,317670.000259,36693,17,229311072,234069200,192.168.88.253,35430,1354,,congestion_avoidance,
926,317670.001662,36700,19,229353064,234103952,192.168.88.253,35430,838,,congestion_avoidance,
927,317670.021921,36779,34,229961224,234735280,192.168.88.253,35430,1292,,loss_recovery,
928,317670.023278,36783,17,229997424,234752656,192.168.88.253,35430,259,,congestion_avoidance,
929,317670.026037,36800,17,230087200,234851120,192.168.88.253,35430,516,,congestion_avoidance,
930,317670.049453,36900,36,230789480,235589600,192.168.88.253,35430,1021,,congestion_avoidance,
931,317670.050461,36903,36,230801064,235604080,192.168.88.253,35430,1340,,loss_recovery,
932,317670.051328,36910,18,230843056,235628696,192.168.88.253,35430,659,,congestion_avoidance,
933,317670.073476,37000,33,231491760,236288984,192.168.88.253,35430,1456,,congestion_avoidance,
934,317670.081848,37037,38,231737920,236556864,192.168.88.253,35430,1502,,loss_recovery,
935,317670.082788,37044,19,231781360,236584376,192.168.88.253,35430,669,,congestion_avoidance,
936,317670.094833,37100,28,232139016,236960856,192.168.88.253,35430,830,,congestion_avoidance,
937,317670.112297,37176,39,232667536,237511096,192.168.88.253,35430,1160,,loss_recovery,
938,317670.113964,37184,19,232713872,237538608,192.168.88.253,35430,802,,congestion_avoidance,
939,317670.117480,37200,22,232812336,237647208,192.168.88.253,35430,900,,congestion_avoidance,
940,317670.142069,37299,38,233559504,238420440,192.168.88.253,35430,1438,,loss_recovery,
941,317670.142273,37300,24,233562400,238420440,192.168.88.253,35430,1643,,loss_recovery,
942,317670.143858,37306,19,233605840,238439264,192.168.88.253,35430,445,,congestion_avoidance,
943,317670.166206,37383,34,234270472,239135752,192.168.88.253,35430,1242,,loss_recovery,
944,317670.166971,37389,17,234299432,239153128,192.168.88.253,35430,547,,congestion_avoidance,
945,317670.169744,37400,19,234379072,239241456,192.168.88.253,35430,738,,congestion_avoidance,
946,317670.196337,37484,38,235179816,240076952,192.168.88.253,35430,1426,,loss_recovery,
947,317670.198189,37491,19,235224704,240097224,192.168.88.253,35430,397,,congestion_avoidance,
948,317670.200275,37500,19,235286968,240172520,192.168.88.253,35430,662,,congestion_avoidance,
949,317670.224250,37600,37,236013864,240916792,192.168.88.253,35430,693,,congestion_avoidance,
950,317670.227244,37610,38,236087712,240984848,192.168.88.253,35430,1582,,loss_recovery,
951,317670.227799,37614,19,236115224,241005120,192.168.88.253,35430,528,,congestion_avoidance,
952,317670.249595,37700,34,236771168,241690024,192.168.88.253,35430,1026,,congestion_avoidance,
953,317670.257014,37730,38,236989816,241920256,192.168.88.253,35430,1509,,loss_recovery,
954,317670.258633,37736,19,237033256,241941976,192.168.88.253,35430,520,,congestion_avoidance,
955,317670.273564,37800,30,237474896,242414024,192.168.88.253,35430,1115,,congestion_avoidance,
956,317670.287355,37850,18,237893368,242822360,192.168.88.253,35430,496,,fast_retransmit,
957,317670.288386,37856,19,237928120,242851320,192.168.88.253,35430,612,,congestion_avoidance,
958,317670.300073,37900,28,238271296,243194496,192.168.88.253,35430,1190,,congestion_avoidance,
959,317670.318613,37965,39,238831672,243788176,192.168.88.253,35430,1135,,loss_recovery,
960,317670.320263,37968,19,238879456,243808448,192.168.88.253,35430,580,,congestion_avoidance,
961,317670.329138,38000,26,239132856,244067640,192.168.88.253,35430,1483,,congestion_avoidance,
962,317670.348683,38076,38,239713504,244680144,192.168.88.253,35430,1523,,loss_recovery,
963,317670.349528,38081,19,239752600,244700416,192.168.88.253,35430,403,,congestion_avoidance,
964,317670.354138,38100,21,239888712,244856800,192.168.88.253,35430,979,,congestion_avoidance,
965,317670.375568,38188,36,240534520,245525776,192.168.88.253,35430,1403,,loss_recovery,
966,317670.377240,38194,18,240579408,245543152,192.168.88.253,35430,441,,congestion_avoidance,
967,317670.378632,38200,19,240619952,245595280,192.168.88.253,35430,462,,congestion_avoidance,
968,317670.401230,38278,35,241294720,246291768,192.168.88.253,35430,1486,,loss_recovery,
969,317670.402325,38281,17,241326576,246309144,192.168.88.253,35430,376,,congestion_avoidance,
970,317670.405565,38300,18,241427936,246427880,192.168.88.253,35430,790,,congestion_avoidance,
971,317670.426239,38400,34,242041888,247059208,192.168.88.253,35430,1254,,congestion_avoidance,
972,317670.432062,38427,38,242224336,247251792,192.168.88.253,35430,1180,,loss_recovery,
973,317670.433662,38434,19,242264880,247274960,192.168.88.253,35430,468,,congestion_avoidance,
974,317670.448667,38500,29,242712312,247741216,192.168.88.253,35430,1237,,congestion_avoidance,
975,317670.457556,38537,35,242975848,248013440,192.168.88.253,35430,1501,,loss_recovery,
976,317670.458503,38541,17,243007704,248030816,192.168.88.253,35430,390,,congestion_avoidance,
977,317670.477396,38600,31,243569528,248615808,192.168.88.253,35430,1438,,congestion_avoidance,
978,317670.487598,38641,37,243883744,248973464,192.168.88.253,35430,884,,loss_recovery,
979,317670.490116,38648,18,243938768,248999528,192.168.88.253,35430,358,,congestion_avoidance,
980,317670.504754,38700,30,244386200,249448408,192.168.88.253,35430,1368,,congestion_avoidance,
981,317670.517763,38750,37,244774264,249863984,192.168.88.253,35430,1287,,loss_recovery,
982,317670.518969,38756,18,244814808,249885704,192.168.88.253,35430,508,,congestion_avoidance,
983,317670.529562,38800,26,245126128,250207160,192.168.88.253,35430,1302,,congestion_avoidance,
984,317670.546939,38859,25,245638720,250742920,192.168.88.253,35430,789,,fast_retransmit,
985,317670.547818,38866,18,245682160,250764640,192.168.88.253,35430,728,,congestion_avoidance,
986,317670.555775,38900,25,245908048,250999216,192.168.88.253,35430,1085,,congestion_avoidance,
987,317670.572267,38952,36,246400368,251503120,192.168.88.253,35430,1533,,loss_recovery,
988,317670.573217,38957,18,246435120,251520496,192.168.88.253,35430,476,,congestion_avoidance,
989,317670.583073,39000,26,246729064,251840504,192.168.88.253,35430,1224,,congestion_avoidance,
990,317670.600660,39071,38,247261928,252395088,192.168.88.253,35430,1424,,loss_recovery,
991,317670.602587,39075,19,247303920,252418256,192.168.88.253,35430,400,,congestion_avoidance,
992,317670.607335,39100,22,247455960,252578984,192.168.88.253,35430,724,,congestion_avoidance,
993,317670.631839,39196,39,248194440,253350768,192.168.88.253,35430,1404,,loss_recovery,
994,317670.633384,39200,19,248226296,253350768,192.168.88.253,35430,2068,,loss_recovery,
995,317670.633795,39202,19,248239328,253371040,192.168.88.253,35430,388,,congestion_avoidance,
996,317670.658781,39289,36,248985048,254154408,192.168.88.253,35430,1270,,loss_recovery,
997,317670.660034,39294,18,249029936,254180472,192.168.88.253,35430,261,,congestion_avoidance,
998,317670.661193,39300,19,249064688,254216672,192.168.88.253,35430,405,,congestion_avoidance,
999,317670.685031,39396,36,249774208,254953704,192.168.88.253,35430,1659,,loss_recovery,
1000,317670.686388,39400,18,249810408,254971080,192.168.88.253,35430,388,,congestion_avoidance,
1001,317670.708116,39483,34,250451872,255653088,192.168.88.253,35430,1039,,loss_recovery,
1002,317670.709346,39490,17,250501104,255676256,192.168.88.253,35430,504,,congestion_avoidance,
1003,317670.711516,39500,17,250572056,255747208,192.168.88.253,35430,318,,congestion_avoidance,
1004,317670.736470,39600,36,251306192,256511752,192.168.88.253,35430,1623,,congestion_avoidance,
1005,317670.737595,39608,37,251355424,256594288,192.168.88.253,35430,911,,loss_recovery,
1006,317670.740188,39616,18,251410448,256620352,192.168.88.253,35430,429,,congestion_avoidance,
1007,317670.763748,39700,35,252128656,257354488,192.168.88.253,35430,1705,,congestion_avoidance,
1008,317670.764140,39701,36,252134448,257370416,192.168.88.253,35430,1001,,loss_recovery,
1009,317670.765247,39706,18,252176440,257396480,192.168.88.253,35430,469,,congestion_avoidance,
1010,317670.788073,39799,35,252862792,258117584,192.168.88.253,35430,1504,,loss_recovery,
1011,317670.788536,39800,23,252870032,258117584,192.168.88.253,35430,1200,,loss_recovery,
1012,317670.789779,39806,17,252912024,258134960,192.168.88.253,35430,333,,congestion_avoidance,
1013,317670.814402,39900,35,253650504,258908192,192.168.88.253,35430,618,,congestion_avoidance,
1014,317670.815299,39908,35,253672224,258944392,192.168.88.253,35430,1515,,loss_recovery,
1015,317670.816857,39915,17,253711320,258961768,192.168.88.253,35430,577,,congestion_avoidance,
1016,317670.836601,40000,32,254302104,259565584,192.168.88.253,35430,1344,,congestion_avoidance,
1017,317670.846422,40036,38,254607632,259900072,192.168.88.253,35430,1482,,loss_recovery,
1018,317670.848376,40042,19,254659760,259931928,192.168.88.253,35430,336,,congestion_avoidance,
1019,317670.872171,40100,34,255362040,260650136,192.168.88.253,35430,1465,,congestion_avoidance,
1020,317670.873814,40104,35,255412720,260700816,192.168.88.253,35430,1613,,loss_recovery,
1021,317670.874568,40106,18,255441680,260726880,192.168.88.253,35430,232,,congestion_avoidance,
1022,317670.901221,40177,36,256238080,261549344,192.168.88.253,35430,1355,,loss_recovery,
1023,317670.902827,40180,18,256277176,261579752,192.168.88.253,35430,331,,congestion_avoidance,
1024,317670.909421,40200,22,256482792,261789712,192.168.88.253,35430,1061,,congestion_avoidance,
1025,317670.931900,40254,38,257160456,262502128,192.168.88.253,35430,1338,,loss_recovery,
1026,317670.934009,40259,19,257212584,262535432,192.168.88.253,35430,385,,congestion_avoidance,
1027,317670.946526,40300,27,257593408,262936528,192.168.88.253,35430,992,,congestion_avoidance,
1028,317670.957309,40331,34,257906176,263252192,192.168.88.253,35430,1486,,loss_recovery,
1029,317670.958131,40334,17,257942376,263275360,192.168.88.253,35430,519,,congestion_avoidance,
1030,317670.980043,40400,33,258580944,263953024,192.168.88.253,35430,1301,,congestion_avoidance,
1031,317670.982267,40418,34,258657688,264034112,192.168.88.253,35430,1457,,loss_recovery,
1032,317670.983392,40426,17,258701128,264051488,192.168.88.253,35430,221,,congestion_avoidance,
1033,317670.993892,40500,25,259011000,264390320,192.168.88.253,35430,1126,,congestion_avoidance,
1034,317671.006743,40593,34,259387480,264782728,192.168.88.253,35430,1514,,loss_recovery,
1035,317671.007321,40600,17,259413544,264801552,192.168.88.253,35430,1525,,loss_recovery,
1036,317671.007576,40602,17,259422232,264801552,192.168.88.253,35430,713,,congestion_avoidance,
1037,317671.021892,40700,28,259849392,265238848,192.168.88.253,35430,1007,,congestion_avoidance,
1038,317671.038080,40797,38,260315648,265735512,192.168.88.253,35430,1516,,loss_recovery,
1039,317671.038164,40800,19,260327232,265735512,192.168.88.253,35430,1617,,loss_recovery,
1040,317671.039004,40806,19,260360536,265763024,192.168.88.253,35430,781,,congestion_avoidance,
1041,317671.053714,40900,31,260799280,266214800,192.168.88.253,35430,1107,,congestion_avoidance,
1042,317671.061447,40941,35,261028064,266458064,192.168.88.253,35430,1350,,loss_recovery,
1043,317671.062338,40949,17,261059920,266476888,192.168.88.253,35430,294,,congestion_avoidance,
1044,317671.073926,41000,27,261398752,266840336,192.168.88.253,35430,761,,congestion_avoidance,
1045,317671.087942,41076,36,261827360,267283424,192.168.88.253,35430,1386,,loss_recovery,
1046,317671.089384,41088,18,261867904,267313832,192.168.88.253,35430,829,,congestion_avoidance,
1047,317671.090991,41100,19,261907000,267354376,192.168.88.253,35430,520,,congestion_avoidance,
1048,317671.102617,41200,29,262251624,267701896,192.168.88.253,35430,977,,congestion_avoidance,
1049,317671.113067,41250,36,262575976,268050864,192.168.88.253,35430,1321,,loss_recovery,
1050,317671.114520,41261,18,262615072,268068240,192.168.88.253,35430,287,,congestion_avoidance,
1051,317671.118751,41300,21,262741048,268200008,192.168.88.253,35430,727,,congestion_avoidance,
1052,317671.130796,41400,31,263091464,268563456,192.168.88.253,35430,1176,,congestion_avoidance,
1053,317671.136017,41445,34,263247848,268735768,192.168.88.253,35430,1087,,loss_recovery,
1054,317671.136735,41454,17,263282600,268756040,192.168.88.253,35430,616,,congestion_avoidance,
1055,317671.142441,41500,22,263453464,268937040,192.168.88.253,35430,798,,congestion_avoidance,
1056,317671.154632,41600,31,263806776,269296144,192.168.88.253,35430,1106,,congestion_avoidance,
1057,317671.158927,41636,34,263934200,269440944,192.168.88.253,35430,1172,,loss_recovery,
1058,317671.159619,41645,17,263967504,269459768,192.168.88.253,35430,621,,congestion_avoidance,
1059,317671.167580,41700,24,264202080,269703032,192.168.88.253,35430,1092,,congestion_avoidance,
1060,317671.186459,41800,37,264762456,270276440,192.168.88.253,35430,1505,,congestion_avoidance,
1061,317671.188007,41809,25,264789968,270314088,192.168.88.253,35430,1484,,fast_retransmit,
1062,317671.188739,41814,18,264834856,270343048,192.168.88.253,35430,603,,congestion_avoidance,
1063,317671.203683,41900,30,265270704,270784688,192.168.88.253,35430,1269,,congestion_avoidance,
1064,317671.222422,42000,41,265847008,271375472,192.168.88.253,35430,1633,,congestion_avoidance,
1065,317671.223346,42002,41,265849904,271395744,192.168.88.253,35430,1367,,loss_recovery,
1066,317671.223486,42003,24,265849904,271397192,192.168.88.253,35430,1523,,fast_retransmit,
1067,317671.224292,42008,20,265894792,271420360,192.168.88.253,35430,606,,congestion_avoidance,
1068,317671.242827,42100,34,266443584,271996664,192.168.88.253,35430,1189,,congestion_avoidance,
1069,317671.252655,42149,39,266736080,272290608,192.168.88.253,35430,1525,,loss_recovery,
1070,317671.253570,42154,19,266770832,272322464,192.168.88.253,35430,799,,congestion_avoidance,
1071,317671.262003,42200,26,267019888,272574416,192.168.88.253,35430,1119,,congestion_avoidance,
1072,317671.279572,42291,37,267544064,273123208,192.168.88.253,35430,1491,,loss_recovery,
1073,317671.280642,42296,18,267580264,273146376,192.168.88.253,35430,495,,congestion_avoidance,
1074,317671.281475,42300,18,267603432,273159408,192.168.88.253,35430,523,,congestion_avoidance,
1075,317671.299670,42400,32,268142088,273722680,192.168.88.253,35430,1376,,congestion_avoidance,
1076,317671.308890,42440,38,268408520,274012280,192.168.88.253,35430,1486,,loss_recovery,
1077,317671.309986,42450,19,268459200,274039792,192.168.88.253,35430,517,,congestion_avoidance,
1078,317671.320397,42500,27,268757488,274361248,192.168.88.253,35430,1144,,congestion_avoidance,
1079,317671.330015,42553,34,269042744,274655192,192.168.88.253,35430,1254,,loss_recovery,
1080,317671.330625,42557,17,269074600,274675464,192.168.88.253,35430,433,,congestion_avoidance,
1081,317671.339116,42600,24,269325104,274943344,192.168.88.253,35430,1075,,congestion_avoidance,
1082,317671.356745,42654,36,269857968,275496480,192.168.88.253,35430,1259,,loss_recovery,
1083,317671.358663,42659,18,269914440,275535576,192.168.88.253,35430,478,,congestion_avoidance,
1084,317671.372517,42700,28,270325672,275951152,192.168.88.253,35430,1207,,congestion_avoidance,
1085,317671.385046,42731,36,270694912,276343560,192.168.88.253,35430,1749,,loss_recovery,
1086,317671.386135,42736,18,270735456,276369624,192.168.88.253,35430,495,,congestion_avoidance,
1087,317671.403064,42800,31,271236464,276902488,192.168.88.253,35430,1086,,congestion_avoidance,
1088,317671.415378,42847,37,271607152,277283312,192.168.88.253,35430,1668,,loss_recovery,
1089,317671.417101,42851,18,271647696,277302136,192.168.88.253,35430,362,,congestion_avoidance,
1090,317671.426850,42900,25,271944536,277619248,192.168.88.253,35430,1314,,congestion_avoidance,
1091,317671.443413,42962,36,272439752,278123152,192.168.88.253,35430,1407,,loss_recovery,
1092,317671.444162,42968,18,272465816,278144872,192.168.88.253,35430,719,,congestion_avoidance,
1093,317671.451539,43000,24,272684464,278373656,192.168.88.253,35430,895,,congestion_avoidance,
1094,317671.465150,43046,34,273091352,278797920,192.168.88.253,35430,1393,,loss_recovery,
1095,317671.466075,43052,17,273120312,278816744,192.168.88.253,35430,849,,congestion_avoidance,
1096,317671.478592,43100,26,273491000,279199016,192.168.88.253,35430,989,,congestion_avoidance,
1097,317671.498984,43176,38,274093368,279812968,192.168.88.253,35430,2135,,loss_recovery,
1098,317671.499604,43179,19,274126672,279844824,192.168.88.253,35430,305,,congestion_avoidance,
1099,317671.504566,43200,21,274271472,279999760,192.168.88.253,35430,925,,congestion_avoidance,
1100,317671.527714,43283,37,274959272,280702040,192.168.88.253,35430,1446,,loss_recovery,
1101,317671.528822,43288,18,274995472,280728104,192.168.88.253,35430,813,,congestion_avoidance,
1102,317671.531579,43300,20,275075112,280819328,192.168.88.253,35430,802,,congestion_avoidance,
1103,317671.552642,43382,36,275713680,281486856,192.168.88.253,35430,1428,,loss_recovery,
1104,317671.554255,43387,18,275758568,281505680,192.168.88.253,35430,443,,congestion_avoidance,
1105,317671.557845,43400,20,275864272,281620072,192.168.88.253,35430,688,,congestion_avoidance,
1106,317671.579715,43476,36,276523112,282313664,192.168.88.253,35430,1401,,loss_recovery,
1107,317671.581494,43483,18,276570896,282344072,192.168.88.253,35430,255,,congestion_avoidance,
1108,317671.585303,43500,20,276682392,282459912,192.168.88.253,35430,871,,congestion_avoidance,
1109,317671.605263,43568,35,277278968,283075312,192.168.88.253,35430,1016,,loss_recovery,
1110,317671.606770,43574,17,277326752,283099928,192.168.88.253,35430,427,,congestion_avoidance,
1111,317671.612729,43600,22,277504856,283293960,192.168.88.253,35430,900,,congestion_avoidance,
1112,317671.632672,43667,36,278092744,283903568,192.168.88.253,35430,1723,,loss_recovery,
1113,317671.633637,43672,18,278131840,283933976,192.168.88.253,35430,265,,congestion_avoidance,
1114,317671.640093,43700,23,278321528,284130904,192.168.88.253,35430,992,,congestion_avoidance,
1115,317671.661558,43765,25,278949960,284781056,192.168.88.253,35430,1109,,fast_retransmit,
1116,317671.662394,43772,18,278993400,284807120,192.168.88.253,35430,676,,congestion_avoidance,
1117,317671.670969,43800,26,279245352,285066312,192.168.88.253,35430,1152,,congestion_avoidance,
1118,317671.686582,43847,36,279710160,285536912,192.168.88.253,35430,1285,,loss_recovery,
1119,317671.687750,43852,18,279746360,285562976,192.168.88.253,35430,419,,congestion_avoidance,
1120,317671.701107,43900,28,280144560,285971312,192.168.88.253,35430,1205,,congestion_avoidance,
1121,317671.719371,43962,39,280687560,286531688,192.168.88.253,35430,1690,,loss_recovery,
1122,317671.720284,43967,19,280719416,286559200,192.168.88.253,35430,866,,congestion_avoidance,
1123,317671.728170,44000,26,280956888,286808256,192.168.88.253,35430,942,,congestion_avoidance,
1124,317671.746343,44061,37,281504232,287378768,192.168.88.253,35430,1127,,loss_recovery,
1125,317671.748130,44068,18,281554912,287410624,192.168.88.253,35430,284,,congestion_avoidance,
1126,317671.755820,44100,24,281779352,287652440,192.168.88.253,35430,1148,,congestion_avoidance,
1127,317671.771869,44169,35,282255744,288144760,192.168.88.253,35430,1233,,loss_recovery,
1128,317671.772956,44177,17,282293392,288165032,192.168.88.253,35430,475,,congestion_avoidance,
1129,317671.778143,44200,20,282446880,288324312,192.168.88.253,35430,908,,congestion_avoidance,
1130,317671.801096,44284,37,283128888,289038176,192.168.88.253,35430,1237,,loss_recovery,
1131,317671.802178,44289,18,283167984,289057000,192.168.88.253,35430,434,,congestion_avoidance,
1132,317671.804565,44300,19,283237488,289132296,192.168.88.253,35430,684,,congestion_avoidance,
1133,317671.825552,44380,35,283870264,289801272,192.168.88.253,35430,1165,,loss_recovery,
1134,317671.827023,44388,17,283912256,289818648,192.168.88.253,35430,356,,congestion_avoidance,
1135,317671.830199,44400,18,284007824,289928696,192.168.88.253,35430,481,,congestion_avoidance,
1136,317671.851007,44487,34,284620328,290564368,192.168.88.253,35430,1363,,loss_recovery,
1137,317671.852122,44495,17,284660872,290581744,192.168.88.253,35430,222,,congestion_avoidance,
1138,317671.853518,44500,17,284704312,290620840,192.168.88.253,35430,346,,congestion_avoidance,
1139,317671.878802,44600,35,285450032,291412896,192.168.88.253,35430,1575,,congestion_avoidance,
1140,317671.887904,44649,24,285710672,291669192,192.168.88.253,35430,1439,,fast_retransmit,
1141,317671.888780,44655,20,285757008,291702496,192.168.88.253,35430,746,,congestion_avoidance,
1142,317671.899819,44700,27,286008960,291960240,192.168.88.253,35430,391,,congestion_avoidance,
1143,317671.915026,44782,26,286457840,292422152,192.168.88.253,35430,1460,,fast_retransmit,
1144,317671.915777,44788,18,286501280,292442424,192.168.88.253,35430,628,,congestion_avoidance,
1145,317671.917473,44800,20,286553408,292496000,192.168.88.253,35430,742,,congestion_avoidance,
1146,317671.930780,44900,30,286947264,292907232,192.168.88.253,35430,1162,,congestion_avoidance,
1147,317671.936397,44946,34,287110888,293080992,192.168.88.253,35430,1438,,loss_recovery,
1148,317671.937348,44956,17,287147088,293098368,192.168.88.253,35430,381,,congestion_avoidance,
1149,317671.943113,45000,22,287317952,293288056,192.168.88.253,35430,878,,congestion_avoidance,
1150,317671.955942,45100,32,287698776,293680464,192.168.88.253,35430,1262,,congestion_avoidance,
1151,317671.967701,45200,39,288049192,294038120,192.168.88.253,35430,1400,,congestion_avoidance,
1152,317671.975401,45259,42,288270736,294266904,192.168.88.253,35430,1448,,loss_recovery,
1153,317671.976401,45266,21,288311280,294297312,192.168.88.253,35430,873,,congestion_avoidance,
1154,317671.981026,45300,24,288447392,294430528,192.168.88.253,35430,994,,congestion_avoidance,
1155,317671.992768,45400,33,288802152,294801216,192.168.88.253,35430,1181,,congestion_avoidance,
1156,317672.005151,45500,40,289167048,295180592,192.168.88.253,35430,1352,,congestion_avoidance,
1157,317672.008045,45526,42,289264064,295286296,192.168.88.253,35430,1412,,loss_recovery,
1158,317672.009737,45536,21,289308952,295316704,192.168.88.253,35430,781,,congestion_avoidance,
1159,317672.018134,45600,28,289553664,295564312,192.168.88.253,35430,988,,congestion_avoidance,
1160,317672.031537,45697,26,289944624,295972648,192.168.88.253,35430,1353,,fast_retransmit,
1161,317672.032193,45700,18,289944624,295976992,192.168.88.253,35430,1773,,fast_retransmit,
1162,317672.032323,45703,18,289988064,295990024,192.168.88.253,35430,695,,congestion_avoidance,
1163,317672.043746,45800,28,290316760,296331752,192.168.88.253,35430,1263,,congestion_avoidance,
1164,317672.055210,45900,35,290670072,296698096,192.168.88.253,35430,1308,,congestion_avoidance,
1165,317672.062090,45956,39,290861208,296902264,192.168.88.253,35430,1280,,loss_recovery,
1166,317672.063170,45968,19,290901752,296919640,192.168.88.253,35430,428,,congestion_avoidance,
1167,317672.067663,46000,22,291037864,297065888,192.168.88.253,35430,558,,congestion_avoidance,
1168,317672.084787,46100,35,291556248,297597304,192.168.88.253,35430,876,,congestion_avoidance,
1169,317672.085873,46111,36,291591000,297646536,192.168.88.253,35430,1376,,loss_recovery,
1170,317672.087439,46120,18,291631544,297663912,192.168.88.253,35430,412,,congestion_avoidance,
1171,317672.097268,46200,27,291921144,297969440,192.168.88.253,35430,984,,congestion_avoidance,
1172,317672.109257,46300,35,292278800,298348816,192.168.88.253,35430,1478,,congestion_avoidance,
1173,317672.118243,46374,40,292540888,298619592,192.168.88.253,35430,1354,,loss_recovery,
1174,317672.119258,46386,20,292584328,298644208,192.168.88.253,35430,847,,congestion_avoidance,
1175,317672.120773,46400,21,292627768,298697784,192.168.88.253,35430,907,,congestion_avoidance,
1176,317672.132756,46500,31,292986872,299062680,192.168.88.253,35430,1406,,congestion_avoidance,
1177,317672.144626,46600,38,293327152,299411648,192.168.88.253,35430,1406,,congestion_avoidance,
1178,317672.152444,46669,42,293560280,299660704,192.168.88.253,35430,1480,,loss_recovery,
1179,317672.153435,46681,21,293605168,299691112,192.168.88.253,35430,824,,congestion_avoidance,
1180,317672.155623,46700,23,293668880,299760616,192.168.88.253,35430,992,,congestion_avoidance,
1181,317672.166258,46800,31,293983096,300084968,192.168.88.253,35430,1172,,congestion_avoidance,
1182,317672.178182,46900,38,294337856,300448416,192.168.88.253,35430,1525,,congestion_avoidance,
1183,317672.187439,46966,43,294615872,300740912,192.168.88.253,35430,1705,,loss_recovery,
1184,317672.188903,46976,21,294665104,300775664,192.168.88.253,35430,843,,congestion_avoidance,
1185,317672.193109,47000,24,294789632,300900192,192.168.88.253,35430,940,,congestion_avoidance,
1186,317672.206975,47069,34,295192176,301323008,192.168.88.253,35430,1243,,loss_recovery,
1187,317672.207753,47075,17,295226928,301344728,192.168.88.253,35430,661,,congestion_avoidance,
1188,317672.211128,47100,19,295329736,301447536,192.168.88.253,35430,727,,congestion_avoidance,
1189,317672.228823,47200,33,295855360,302003568,192.168.88.253,35430,1415,,congestion_avoidance,
1190,317672.237358,47260,17,296110208,302243936,192.168.88.253,35430,860,,fast_retransmit,
1191,317672.238192,47265,19,296140616,302271448,192.168.88.253,35430,471,,congestion_avoidance,
1192,317672.249473,47300,28,296464968,302607384,192.168.88.253,35430,978,,congestion_avoidance,
1193,317672.263089,47356,37,296886336,303046128,192.168.88.253,35430,1475,,loss_recovery,
1194,317672.265024,47360,18,296931224,303064952,192.168.88.253,35430,394,,congestion_avoidance,
1195,317672.274110,47400,25,297207792,303353104,192.168.88.253,35430,1232,,congestion_avoidance,
1196,317672.291433,47481,18,297729072,303885968,192.168.88.253,35430,765,,fast_retransmit,
1197,317672.292440,47489,18,297760928,303913480,192.168.88.253,35430,632,,congestion_avoidance,
1198,317672.294107,47500,19,297808712,303961264,192.168.88.253,35430,922,,congestion_avoidance,
1199,317672.317776,47600,37,298515336,304685264,192.168.88.253,35430,1543,,congestion_avoidance,
1200,317672.318725,47601,37,298535608,304714224,192.168.88.253,35430,1482,,loss_recovery,
1201,317672.320185,47604,18,298567464,304737392,192.168.88.253,35430,445,,congestion_avoidance,
1202,317672.345596,47700,36,299345040,305545376,192.168.88.253,35430,1110,,congestion_avoidance,
1203,317672.350813,47722,38,299479704,305690176,192.168.88.253,35430,1463,,loss_recovery,
1204,317672.351783,47729,19,299524592,305717688,192.168.88.253,35430,764,,congestion_avoidance,
1205,317672.366340,47800,31,299960440,306169464,192.168.88.253,35430,1296,,congestion_avoidance,
1206,317672.377879,47852,37,300289136,306516984,192.168.88.253,35430,1443,,loss_recovery,
1207,317672.379034,47860,18,300338368,306543048,192.168.88.253,35430,609,,congestion_avoidance,
1208,317672.388109,47900,24,300607696,306828304,192.168.88.253,35430,842,,congestion_avoidance,
1209,317672.403999,47957,35,301073952,307314832,192.168.88.253,35430,1270,,loss_recovery,
1210,317672.404848,47963,17,301108704,307336552,192.168.88.253,35430,659,,congestion_avoidance,
1211,317672.412341,48000,23,301333144,307578368,192.168.88.253,35430,1043,,congestion_avoidance,
1212,317672.428630,48063,34,301815328,308053312,192.168.88.253,35430,1123,,loss_recovery,
1213,317672.429102,48065,17,301826912,308073584,192.168.88.253,35430,429,,congestion_avoidance,
1214,317672.435534,48100,21,302023840,308276304,192.168.88.253,35430,950,,congestion_avoidance,
1215,317672.455628,48200,35,302624760,308898944,192.168.88.253,35430,1565,,congestion_avoidance,
1216,317672.459282,48227,37,302739152,309029264,192.168.88.253,35430,1835,,loss_recovery,
1217,317672.461030,48234,18,302788384,309048088,192.168.88.253,35430,387,,congestion_avoidance,
1218,317672.475485,48300,29,303218440,309504208,192.168.88.253,35430,1367,,congestion_avoidance,
1219,317672.482514,48336,34,303425504,309725752,192.168.88.253,35430,1186,,loss_recovery,
1220,317672.483524,48343,17,303461704,309743128,192.168.88.253,35430,333,,congestion_avoidance,
1221,317672.493764,48400,25,303767232,310061688,192.168.88.253,35430,1018,,congestion_avoidance,
1222,317672.507505,48464,35,304172672,310491744,192.168.88.253,35430,1131,,loss_recovery,
1223,317672.508681,48470,17,304217560,310507672,192.168.88.253,35430,269,,congestion_avoidance,
1224,317672.513401,48500,20,304349328,310658264,192.168.88.253,35430,809,,congestion_avoidance,
1225,317672.532280,48588,34,304906808,311240360,192.168.88.253,35430,1314,,loss_recovery,
1226,317672.532928,48594,17,304940112,311262080,192.168.88.253,35430,517,,congestion_avoidance,
1227,317672.533963,48600,17,304964728,311285248,192.168.88.253,35430,341,,congestion_avoidance,
1228,317672.553392,48700,32,305551168,311900648,192.168.88.253,35430,947,,congestion_avoidance,
1229,317672.561244,48744,36,305790088,312152600,192.168.88.253,35430,1507,,loss_recovery,
1230,317672.562712,48753,18,305830632,312171424,192.168.88.253,35430,284,,congestion_avoidance,
1231,317672.573481,48800,26,306143400,312492880,192.168.88.253,35430,1128,,congestion_avoidance,
1232,317672.591298,48866,20,306657440,313031536,192.168.88.253,35430,1187,,fast_retransmit,
1233,317672.592295,48871,19,306712464,313059048,192.168.88.253,35430,964,,congestion_avoidance,
1234,317672.600843,48900,26,306968760,313329824,192.168.88.253,35430,1128,,congestion_avoidance,
1235,317672.617510,48976,37,307471216,313854000,192.168.88.253,35430,1307,,loss_recovery,
1236,317672.619439,48982,18,307517552,313874272,192.168.88.253,35430,196,,congestion_avoidance,
1237,317672.621905,49000,19,307597192,313968392,192.168.88.253,35430,605,,congestion_avoidance,
1238,317672.644312,49095,36,308256032,314672120,192.168.88.253,35430,1277,,loss_recovery,
1239,317672.645812,49100,18,308303816,314699632,192.168.88.253,35430,495,,congestion_avoidance,
1240,317672.670089,49197,35,309022024,315432320,192.168.88.253,35430,1930,,loss_recovery,
1241,317672.670628,49200,17,309050984,315456936,192.168.88.253,35430,279,,congestion_avoidance,
1242,317672.696417,49300,35,309795256,316228720,192.168.88.253,35430,671,,congestion_avoidance,
1243,317672.697814,49308,36,309834352,316279400,192.168.88.253,35430,1528,,loss_recovery,
1244,317672.699551,49314,18,309885032,316298224,192.168.88.253,35430,261,,congestion_avoidance,
1245,317672.721969,49384,16,310555456,316994712,192.168.88.253,35430,515,,fast_retransmit,
1246,317672.722869,49390,17,310584416,317016432,192.168.88.253,35430,593,,congestion_avoidance,
1247,317672.725172,49400,19,310645232,317071456,192.168.88.253,35430,1115,,congestion_avoidance,
1248,317672.749940,49477,37,311393848,317859168,192.168.88.253,35430,1521,,loss_recovery,
1249,317672.752062,49482,18,311444528,317879440,192.168.88.253,35430,302,,congestion_avoidance,
1250,317672.756053,49500,19,311570504,318025688,192.168.88.253,35430,651,,congestion_avoidance,
1251,317672.785223,49599,39,312429168,318916208,192.168.88.253,35430,1583,,loss_recovery,
1252,317672.785303,49600,25,312434960,318916208,192.168.88.253,35430,1664,,loss_recovery,
1253,317672.786450,49608,19,312481296,318943720,192.168.88.253,35430,663,,congestion_avoidance,
1254,317672.808640,49692,34,313138688,319637312,192.168.88.253,35430,1262,,loss_recovery,
1255,317672.809719,49699,17,313176336,319656136,192.168.88.253,35430,449,,congestion_avoidance,
1256,317672.809848,49700,17,313183576,319656136,192.168.88.253,35430,311,,congestion_avoidance,
1257,317672.835141,49800,36,313939432,320448192,192.168.88.253,35430,1215,,congestion_avoidance,
1258,317672.839371,49818,25,314042240,320555344,192.168.88.253,35430,1493,,fast_retransmit,
1259,317672.840055,49823,19,314084232,320579960,192.168.88.253,35430,598,,congestion_avoidance,
1260,317672.861650,49900,35,314732936,321241696,192.168.88.253,35430,475,,congestion_avoidance,
1261,317672.862351,49906,35,314753208,321277896,192.168.88.253,35430,1175,,loss_recovery,
1262,317672.864127,49911,17,314802440,321308304,192.168.88.253,35430,327,,congestion_avoidance,
1263,317672.888207,50000,35,315526440,322052576,192.168.88.253,35430,670,,congestion_avoidance,
1264,317672.891543,50014,36,315624904,322168416,192.168.88.253,35430,1402,,loss_recovery,
1265,317672.893245,50018,18,315674136,322200272,192.168.88.253,35430,499,,congestion_avoidance,
1266,317672.915009,50100,34,316318496,322859112,192.168.88.253,35430,1013,,congestion_avoidance,
1267,317672.919245,50117,36,316447368,323001016,192.168.88.253,35430,1432,,loss_recovery,
1268,317672.920198,50121,18,316479224,323021288,192.168.88.253,35430,397,,congestion_avoidance,
1269,317672.943972,50200,35,317190192,323752528,192.168.88.253,35430,1586,,congestion_avoidance,
1270,317672.945709,50215,36,317245216,323827824,192.168.88.253,35430,1400,,loss_recovery,
1271,317672.947563,50221,18,317285760,323846648,192.168.88.253,35430,364,,congestion_avoidance,
1272,317672.974131,50300,37,318077816,324667664,192.168.88.253,35430,1457,,congestion_avoidance,
1273,317672.975285,50307,37,318114016,324718344,192.168.88.253,35430,1106,,loss_recovery,
1274,317672.975390,50308,18,318114016,324719792,192.168.88.253,35430,1229,,fast_retransmit,
1275,317672.976479,50311,18,318153112,324738616,192.168.88.253,35430,1068,,congestion_avoidance,
1276,317673.000407,50396,35,318875664,325485784,192.168.88.253,35430,1415,,loss_recovery,
1277,317673.002061,50399,17,318913312,325514744,192.168.88.253,35430,339,,congestion_avoidance,
1278,317673.002312,50400,17,318922000,325514744,192.168.88.253,35430,370,,congestion_avoidance,
1279,317673.022911,50500,32,319548984,326182272,192.168.88.253,35430,1235,,congestion_avoidance,
1280,317673.025441,50512,34,319615592,326247432,192.168.88.253,35430,1634,,loss_recovery,
1281,317673.026456,50518,17,319653240,326277840,192.168.88.253,35430,432,,congestion_avoidance,
1282,317673.041982,50600,29,320120944,326761472,192.168.88.253,35430,1014,,congestion_avoidance,
1283,317673.050048,50637,34,320346832,326998944,192.168.88.253,35430,1230,,loss_recovery,
1284,317673.050786,50643,17,320381584,327019216,192.168.88.253,35430,610,,congestion_avoidance,
1285,317673.062218,50700,26,320717520,327372528,192.168.88.253,35430,1082,,congestion_avoidance,
1286,317673.073706,50764,34,321059248,327733080,192.168.88.253,35430,1367,,loss_recovery,
1287,317673.075447,50774,18,321115720,327776520,192.168.88.253,35430,193,,congestion_avoidance,
1288,317673.078777,50800,20,321217080,327888016,192.168.88.253,35430,770,,congestion_avoidance,
1289,317673.092419,50900,31,321619624,328292008,192.168.88.253,35430,1113,,congestion_avoidance,
1290,317673.098910,50934,34,321804968,328486040,192.168.88.253,35430,1541,,loss_recovery,
1291,317673.099208,50940,17,321829584,328503416,192.168.88.253,35430,255,,congestion_avoidance,
1292,317673.110316,51000,25,322156832,328853832,192.168.88.253,35430,1054,,congestion_avoidance,
1293,317673.125114,51100,35,322595576,329294024,192.168.88.253,35430,1341,,congestion_avoidance,
1294,317673.130264,51141,38,322763544,329480816,192.168.88.253,35430,1392,,loss_recovery,
1295,317673.131749,51152,19,322804088,329499640,192.168.88.253,35430,525,,congestion_avoidance,
1296,317673.148931,51300,32,323315232,330031056,192.168.88.253,35430,1222,,congestion_avoidance,
1297,317673.152305,51329,34,323409352,330138208,192.168.88.253,35430,1385,,loss_recovery,
1298,317673.153515,51339,17,323455688,330155584,192.168.88.253,35430,295,,congestion_avoidance,
1299,317673.160663,51400,23,323664200,330394504,192.168.88.253,35430,893,,congestion_avoidance,
1300,317673.172295,51500,31,324008824,330743472,192.168.88.253,35430,1448,,congestion_avoidance,
1301,317673.175769,51525,34,324108736,330854968,192.168.88.253,35430,1418,,loss_recovery,
1302,317673.176628,51536,17,324146384,330882480,192.168.88.253,35430,769,,congestion_avoidance,
1303,317673.184048,51600,24,324365032,331112712,192.168.88.253,35430,824,,congestion_avoidance,
1304,317673.199760,51682,35,324839976,331606480,192.168.88.253,35430,1249,,loss_recovery,
1305,317673.201348,51691,17,324880520,331623856,192.168.88.253,35430,418,,congestion_avoidance,
1306,317673.202255,51700,17,324906584,331661504,192.168.88.253,35430,437,,congestion_avoidance,
1307,317673.217746,51800,30,325365600,332140792,192.168.88.253,35430,1263,,congestion_avoidance,
1308,317673.226735,51853,25,325623344,332399984,192.168.88.253,35430,1380,,fast_retransmit,
1309,317673.227506,51858,18,325665336,332417360,192.168.88.253,35430,744,,congestion_avoidance,
1310,317673.233439,51900,24,325840544,332601256,192.168.88.253,35430,1028,,congestion_avoidance,
1311,317673.247459,52000,34,326256120,333038552,192.168.88.253,35430,1630,,congestion_avoidance,
1312,317673.254363,52045,37,326460288,333247064,192.168.88.253,35430,1725,,loss_recovery,
1313,317673.255777,52051,18,326502280,333278920,192.168.88.253,35430,592,,congestion_avoidance,
1314,317673.263659,52100,24,326746992,333523632,192.168.88.253,35430,1067,,congestion_avoidance,
1315,317673.277077,52191,34,327135056,333933416,192.168.88.253,35430,1247,,loss_recovery,
1316,317673.277650,52198,17,327162568,333955136,192.168.88.253,35430,468,,congestion_avoidance,
1317,317673.277738,52200,17,327166912,333955136,192.168.88.253,35430,555,,congestion_avoidance,
1318,317673.292666,52300,28,327599864,334405464,192.168.88.253,35430,1244,,congestion_avoidance,
1319,317673.303920,52358,36,327934352,334757328,192.168.88.253,35430,1402,,loss_recovery,
1320,317673.304797,52365,18,327974896,334783392,192.168.88.253,35430,732,,congestion_avoidance,
1321,317673.309962,52400,22,328124040,334944120,192.168.88.253,35430,993,,congestion_avoidance,
1322,317673.326706,52500,34,328623600,335461056,192.168.88.253,35430,1530,,congestion_avoidance,
1323,317673.339194,52561,40,328963880,335828848,192.168.88.253,35430,620,,loss_recovery,
1324,317673.341115,52572,20,329011664,335837536,192.168.88.253,35430,1952,,congestion_avoidance,
1325,317673.345468,52600,23,329146328,335989576,192.168.88.253,35430,723,,congestion_avoidance,
1326,317673.359616,52700,33,329560456,336415288,192.168.88.253,35430,1146,,congestion_avoidance,
1327,317673.373326,52759,38,329907976,336772944,192.168.88.253,35430,1036,,loss_recovery,
1328,317673.375075,52768,19,329955760,336787424,192.168.88.253,35430,326,,congestion_avoidance,
1329,317673.379342,52800,22,330083184,336936568,192.168.88.253,35430,954,,congestion_avoidance,
1330,317673.395906,52900,34,330575504,337450608,192.168.88.253,35430,835,,congestion_avoidance,
1331,317673.404272,52953,39,330815872,337696768,192.168.88.253,35430,1317,,loss_recovery,
1332,317673.405216,52961,19,330857864,337715592,192.168.88.253,35430,801,,congestion_avoidance,
1333,317673.411389,53000,23,331035968,337913968,192.168.88.253,35430,993,,congestion_avoidance,
1334,317673.427765,53100,35,331535528,338412080,192.168.88.253,35430,1165,,congestion_avoidance,
1335,317673.428795,53111,35,331564488,338461312,192.168.88.253,35430,1514,,loss_recovery,
1336,317673.430360,53121,17,331607928,338478688,192.168.88.253,35430,383,,congestion_avoidance,
1337,317673.448035,53200,31,332132104,339034720,192.168.88.253,35430,1277,,congestion_avoidance,
1338,317673.462670,53300,39,332575192,339466224,192.168.88.253,35430,929,,congestion_avoidance,
1339,317673.464215,53309,40,332599808,339522696,192.168.88.253,35430,1478,,loss_recovery,
1340,317673.464276,53310,24,332599808,339524144,192.168.88.253,35430,1543,,fast_retransmit,
1341,317673.465060,53315,20,332638904,339545864,192.168.88.253,35430,684,,congestion_avoidance,
1342,317673.474622,53400,28,332922712,339835464,192.168.88.253,35430,1022,,congestion_avoidance,
1343,317673.485049,53453,35,333245616,340182984,192.168.88.253,35430,1434,,loss_recovery,
1344,317673.486468,53464,17,333281816,340201808,192.168.88.253,35430,344,,congestion_avoidance,
1345,317673.490819,53500,21,333415032,340343712,192.168.88.253,35430,817,,congestion_avoidance,
1346,317673.502788,53600,30,333762552,340710056,192.168.88.253,35430,1388,,congestion_avoidance,
1347,317673.516153,53697,38,334160752,341118392,192.168.88.253,35430,1307,,loss_recovery,
1348,317673.516279,53700,19,334173784,341118392,192.168.88.253,35430,1434,,loss_recovery,
1349,317673.517102,53708,19,334201296,341150248,192.168.88.253,35430,797,,congestion_avoidance,
1350,317673.540546,53800,36,334896336,341865560,192.168.88.253,35430,1317,,congestion_avoidance,
1351,317673.545327,53820,38,335031000,342008912,192.168.88.253,35430,1367,,loss_recovery,
1352,317673.546655,53825,19,335083128,342040768,192.168.88.253,35430,455,,congestion_avoidance,
1353,317673.568347,53883,35,335736176,342730016,192.168.88.253,35430,1351,,loss_recovery,
1354,317673.569784,53892,17,335776720,342748840,192.168.88.253,35430,368,,congestion_avoidance,
1355,317673.572153,53900,19,335841880,342824136,192.168.88.253,35430,451,,congestion_avoidance,
1356,317673.596241,53963,36,336558640,343562616,192.168.88.253,35430,1488,,loss_recovery,
1357,317673.597465,53966,18,336593392,343581440,192.168.88.253,35430,378,,congestion_avoidance,
1358,317673.608839,54000,26,336932224,343933304,192.168.88.253,35430,974,,congestion_avoidance,
1359,317673.622555,54053,36,337355040,344386528,192.168.88.253,35430,1185,,loss_recovery,
1360,317673.624234,54061,18,337401376,344412592,192.168.88.253,35430,259,,congestion_avoidance,
1361,317673.635178,54100,27,337715592,344741288,192.168.88.253,35430,1106,,congestion_avoidance,
1362,317673.663528,54200,30,338565568,345607192,192.168.88.253,35430,1337,,congestion_avoidance,
1363,317673.670876,54225,35,338784216,345838872,192.168.88.253,35430,1724,,loss_recovery,
1364,317673.671457,54228,17,338813176,345863488,192.168.88.253,35430,321,,congestion_avoidance,
1365,317673.693229,54300,34,339451744,346523776,192.168.88.253,35430,1356,,congestion_avoidance,
1366,317673.696379,54310,36,339547312,346625136,192.168.88.253,35430,1541,,loss_recovery,
1367,317673.697121,54315,18,339574824,346645408,192.168.88.253,35430,394,,congestion_avoidance,
1368,317673.719519,54400,35,340246696,347333208,192.168.88.253,35430,1222,,congestion_avoidance,
1369,317673.723209,54416,37,340355296,347451944,192.168.88.253,35430,1368,,loss_recovery,
1370,317673.724788,54421,18,340404528,347479456,192.168.88.253,35430,438,,congestion_avoidance,
1371,317673.752970,54500,37,341251608,348354048,192.168.88.253,35430,1219,,congestion_avoidance,
1372,317673.758140,54522,40,341406544,348533600,192.168.88.253,35430,1364,,loss_recovery,
1373,317673.759833,54529,20,341448536,348555320,192.168.88.253,35430,409,,congestion_avoidance,
1374,317673.776396,54600,32,341946648,349070808,192.168.88.253,35430,1158,,congestion_avoidance,
1375,317673.781583,54623,35,342100136,349232984,192.168.88.253,35430,1485,,loss_recovery,
1376,317673.782647,54627,17,342131992,349250360,192.168.88.253,35430,360,,congestion_avoidance,
1377,317673.801441,54700,31,342690920,349835352,192.168.88.253,35430,1281,,congestion_avoidance,
1378,317673.808011,54719,36,342896536,350058344,192.168.88.253,35430,1155,,loss_recovery,
1379,317673.809635,54724,18,342941424,350075720,192.168.88.253,35430,407,,congestion_avoidance,
1380,317673.827242,54800,31,343454016,350620168,192.168.88.253,35430,962,,congestion_avoidance,
1381,317673.837164,54844,38,343769680,350950312,192.168.88.253,35430,1376,,loss_recovery,
1382,317673.838810,54852,19,343813120,350969136,192.168.88.253,35430,423,,congestion_avoidance,
1383,317673.850668,54900,28,344164984,351348512,192.168.88.253,35430,1000,,congestion_avoidance,
1384,317673.862142,54942,36,344515400,351714856,192.168.88.253,35430,1125,,loss_recovery,
1385,317673.863963,54948,18,344560288,351732232,192.168.88.253,35430,394,,congestion_avoidance,
1386,317673.873665,55000,26,344854232,352053688,192.168.88.253,35430,1230,,congestion_avoidance,
1387,317673.889821,55051,36,345332072,352556144,192.168.88.253,35430,999,,loss_recovery,
1388,317673.891250,55056,18,345381304,352577864,192.168.88.253,35430,754,,congestion_avoidance,
1389,317673.901976,55100,27,345698416,352910904,192.168.88.253,35430,1135,,congestion_avoidance,
1390,317673.914736,55139,34,346077792,353304760,192.168.88.253,35430,1200,,loss_recovery,
1391,317673.915810,55145,17,346113992,353322136,192.168.88.253,35430,382,,congestion_avoidance,
1392,317673.928045,55200,27,346477440,353705856,192.168.88.253,35430,1173,,congestion_avoidance,
1393,317673.943796,55262,18,346919080,354166320,192.168.88.253,35430,1602,,fast_retransmit,
1394,317673.944098,55264,18,346959624,354180800,192.168.88.253,35430,663,,congestion_avoidance,
1395,317673.950793,55300,24,347158000,354393656,192.168.88.253,35430,1065,,congestion_avoidance,
1396,317673.975879,55400,40,347913856,355155304,192.168.88.253,35430,1437,,congestion_avoidance,
1397,317673.976020,55402,40,347918200,355177024,192.168.88.253,35430,1578,,loss_recovery,
1398,317673.977839,55410,20,347965984,355205984,192.168.88.253,35430,901,,congestion_avoidance,
1399,317673.998247,55489,35,348575592,355837312,192.168.88.253,35430,1486,,loss_recovery,
1400,317673.999522,55493,17,348613240,355854688,192.168.88.253,35430,260,,congestion_avoidance,
1401,317674.001495,55500,17,348672608,355925640,192.168.88.253,35430,369,,congestion_avoidance,
1402,317674.021766,55600,33,349277872,356559864,192.168.88.253,35430,1624,,congestion_avoidance,
1403,317674.034240,55651,39,349623944,356917520,192.168.88.253,35430,1362,,loss_recovery,
1404,317674.036123,55658,19,349676072,356950824,192.168.88.253,35430,366,,congestion_avoidance,
1405,317674.046304,55700,26,349971464,357259248,192.168.88.253,35430,1129,,congestion_avoidance,
1406,317674.061980,55751,36,350443512,357744328,192.168.88.253,35430,1410,,loss_recovery,
1407,317674.063199,55755,18,350482608,357774736,192.168.88.253,35430,300,,congestion_avoidance,
1408,317674.074031,55800,26,350798272,358096192,192.168.88.253,35430,1091,,congestion_avoidance,
1409,317674.091117,55857,18,351277560,358604440,192.168.88.253,35430,1390,,fast_retransmit,
1410,317674.091384,55859,18,351318104,358621816,192.168.88.253,35430,562,,congestion_avoidance,
1411,317674.101280,55900,26,351616392,358925896,192.168.88.253,35430,1128,,congestion_avoidance,
1412,317674.119543,55996,38,352173872,359506544,192.168.88.253,35430,1605,,loss_recovery,
1413,317674.120009,55998,22,352173872,359509440,192.168.88.253,35430,1191,,fast_retransmit,
1414,317674.120075,56000,21,352173872,359510888,192.168.88.253,35430,1269,,fast_retransmit,
1415,317674.120915,56004,19,352211520,359526816,192.168.88.253,35430,818,,congestion_avoidance,
1416,317674.142438,56100,35,352854432,360194344,192.168.88.253,35430,1300,,congestion_avoidance,
1417,317674.150800,56139,39,353091904,360443400,192.168.88.253,35430,1446,,loss_recovery,
1418,317674.152078,56144,19,353136792,360476704,192.168.88.253,35430,569,,congestion_avoidance,
1419,317674.166037,56200,30,353556712,360911104,192.168.88.253,35430,1163,,congestion_avoidance,
1420,317674.173066,56217,34,353762328,361115272,192.168.88.253,35430,1310,,loss_recovery,
1421,317674.173808,56224,17,353792736,361139888,192.168.88.253,35430,432,,congestion_avoidance,
1422,317674.198417,56300,36,354528320,361914568,192.168.88.253,35430,825,,congestion_avoidance,
1423,317674.201456,56311,25,354600720,361981176,192.168.88.253,35430,1180,,fast_retransmit,
1424,317674.202285,56317,19,354644160,362008688,192.168.88.253,35430,651,,congestion_avoidance,
1425,317674.225074,56400,35,355307344,362683456,192.168.88.253,35430,1261,,congestion_avoidance,
1426,317674.230919,56424,39,355499928,362889072,192.168.88.253,35430,1311,,loss_recovery,
1427,317674.232553,56431,19,355541920,362907896,192.168.88.253,35430,393,,congestion_avoidance,
1428,317674.250265,56500,32,356066096,363450896,192.168.88.253,35430,1162,,congestion_avoidance,
1429,317674.257659,56529,36,356286192,363689816,192.168.88.253,35430,1105,,loss_recovery,
1430,317674.258771,56535,18,356326736,363704296,192.168.88.253,35430,452,,congestion_avoidance,
1431,317674.274132,56600,30,356782856,364187928,192.168.88.253,35430,1164,,congestion_avoidance,
1432,317674.284608,56636,37,357095624,364519520,192.168.88.253,35430,1463,,loss_recovery,
1433,317674.286231,56641,18,357139064,364539792,192.168.88.253,35430,423,,congestion_avoidance,
1434,317674.299522,56700,27,357541608,364953920,192.168.88.253,35430,1291,,congestion_avoidance,
1435,317674.314988,56756,37,358012208,365454928,192.168.88.253,35430,855,,loss_recovery,
1436,317674.316333,56764,18,358048408,365476648,192.168.88.253,35430,1031,,congestion_avoidance,
1437,317674.325405,56800,26,358314840,365753216,192.168.88.253,35430,1220,,congestion_avoidance,
1438,317674.338384,56845,35,358711592,366176032,192.168.88.253,35430,1301,,loss_recovery,
1439,317674.340187,56851,17,358760824,366206440,192.168.88.253,35430,398,,congestion_avoidance,
1440,317674.351502,56900,26,359098208,366568440,192.168.88.253,35430,1191,,congestion_avoidance,
1441,317674.365365,56954,26,359494960,366969536,192.168.88.253,35430,1435,,fast_retransmit,
1442,317674.366213,56959,17,359539848,366986912,192.168.88.253,35430,660,,congestion_avoidance,
1443,317674.377395,57000,25,359872888,367325744,192.168.88.253,35430,1020,,congestion_avoidance,
1444,317674.392577,57047,36,360330456,367816616,192.168.88.253,35430,1186,,loss_recovery,
1445,317674.394077,57053,18,360369552,367835440,192.168.88.253,35430,765,,congestion_avoidance,
1446,317674.404481,57100,26,360675080,368159792,192.168.88.253,35430,1065,,congestion_avoidance,
1447,317674.419724,57157,36,361135544,368623152,192.168.88.253,35430,1485,,loss_recovery,
1448,317674.420640,57161,18,361167400,368649216,192.168.88.253,35430,383,,congestion_avoidance,
1449,317674.429458,57200,25,361429488,368917096,192.168.88.253,35430,1009,,congestion_avoidance,
1450,317674.445493,57243,36,361900088,369409416,192.168.88.253,35430,1705,,loss_recovery,
1451,317674.446268,57248,18,361927600,369428240,192.168.88.253,35430,394,,congestion_avoidance,
1452,317674.460376,57300,29,362350416,369874224,192.168.88.253,35430,1364,,congestion_avoidance,
1453,317674.472477,57336,37,362709520,370237672,192.168.88.253,35430,1401,,loss_recovery,
1454,317674.473617,57341,18,362748616,370269528,192.168.88.253,35430,333,,congestion_avoidance,
1455,317674.486035,57400,28,363120752,370653248,192.168.88.253,35430,1234,,congestion_avoidance,
1456,317674.495765,57430,34,363407456,370951536,192.168.88.253,35430,1086,,loss_recovery,
1457,317674.496810,57435,17,363439312,370979048,192.168.88.253,35430,504,,congestion_avoidance,
1458,317674.516064,57500,30,363998240,371540872,192.168.88.253,35430,1558,,congestion_avoidance,
1459,317674.525814,57543,36,364313904,371886944,192.168.88.253,35430,1282,,loss_recovery,
1460,317674.527630,57552,18,364363136,371913008,192.168.88.253,35430,603,,congestion_avoidance,
1461,317674.538137,57600,26,364675904,372243152,192.168.88.253,35430,1323,,congestion_avoidance,
1462,317674.550003,57638,34,365019080,372603704,192.168.88.253,35430,1169,,loss_recovery,
1463,317674.551049,57644,17,365062520,372628320,192.168.88.253,35430,608,,congestion_avoidance,
1464,317674.563619,57700,28,365439000,373023624,192.168.88.253,35430,1273,,congestion_avoidance,
1465,317674.578598,57751,23,365870504,373468160,192.168.88.253,35430,1213,,fast_retransmit,
1466,317674.579440,57756,18,365912496,373494224,192.168.88.253,35430,378,,congestion_avoidance,
1467,317674.589156,57800,26,366196304,373788168,192.168.88.253,35430,1166,,congestion_avoidance,
1468,317674.603602,57841,36,366632152,374229808,192.168.88.253,35430,1248,,loss_recovery,
1469,317674.605124,57844,18,366666904,374247184,192.168.88.253,35430,482,,congestion_avoidance,
1470,317674.616604,57900,27,367011528,374620768,192.168.88.253,35430,1051,,congestion_avoidance,
1471,317674.634353,57974,38,367537152,375160872,192.168.88.253,35430,1473,,loss_recovery,
1472,317674.635228,57979,19,367577696,375188384,192.168.88.253,35430,703,,congestion_avoidance,
1473,317674.640562,58000,23,367731184,375337528,192.168.88.253,35430,1112,,congestion_avoidance,
1474,317674.657210,58063,35,368217712,375858808,192.168.88.253,35430,1420,,loss_recovery,
1475,317674.658188,58068,17,368262600,375883424,192.168.88.253,35430,410,,congestion_avoidance,
1476,317674.665334,58100,22,368474008,376107864,192.168.88.253,35430,932,,congestion_avoidance,
1477,317674.686414,58174,37,369111128,376769600,192.168.88.253,35430,1230,,loss_recovery,
1478,317674.688199,58178,18,369156016,376788424,192.168.88.253,35430,413,,congestion_avoidance,
1479,317674.694565,58200,21,369308056,376950600,192.168.88.253,35430,2239,,congestion_avoidance,
1480,317674.718311,58280,37,370046536,377725280,192.168.88.253,35430,1399,,loss_recovery,
1481,317674.720085,58285,18,370091424,377745552,192.168.88.253,35430,450,,congestion_avoidance,
1482,317674.723370,58300,19,370194232,377854152,192.168.88.253,35430,810,,congestion_avoidance,
1483,317674.746437,58392,36,370870448,378565120,192.168.88.253,35430,1253,,loss_recovery,
1484,317674.747565,58398,18,370918232,378595528,192.168.88.253,35430,643,,congestion_avoidance,
1485,317674.747825,58400,19,370928368,378608560,192.168.88.253,35430,360,,congestion_avoidance,
1486,317674.768464,58482,34,371535080,379241336,192.168.88.253,35430,1309,,loss_recovery,
1487,317674.769013,58486,17,371559696,379261608,192.168.88.253,35430,494,,congestion_avoidance,
1488,317674.771420,58500,18,371632096,379336904,192.168.88.253,35430,645,,congestion_avoidance,
1489,317674.795764,58588,36,372350304,380095656,192.168.88.253,35430,1131,,loss_recovery,
1490,317674.797329,58595,18,372402432,380134752,192.168.88.253,35430,650,,congestion_avoidance,
1491,317674.798011,58600,19,372422704,380152128,192.168.88.253,35430,255,,congestion_avoidance,
1492,317674.822228,58693,36,373143808,380909432,192.168.88.253,35430,1432,,loss_recovery,
1493,317674.823357,58700,18,373181456,380932600,192.168.88.253,35430,585,,loss_recovery,
1494,317674.823731,58701,18,373191592,380945632,192.168.88.253,35430,701,,congestion_avoidance,
1495,317674.849289,58800,36,373948896,381718864,192.168.88.253,35430,1307,,congestion_avoidance,
1496,317674.852926,58812,18,374067632,381836152,192.168.88.253,35430,412,,fast_retransmit,
1497,317674.853921,58818,19,374099488,381865112,192.168.88.253,35430,611,,congestion_avoidance,
1498,317674.873539,58900,33,374668552,382448656,192.168.88.253,35430,1420,,congestion_avoidance,
1499,317674.882722,58940,39,374962496,382757080,192.168.88.253,35430,1093,,loss_recovery,
1500,317674.884848,58947,19,375010280,382775904,192.168.88.253,35430,440,,congestion_avoidance,
1501,317674.897933,59000,28,375411376,383198720,192.168.88.253,35430,979,,congestion_avoidance,
1502,317674.917717,59064,39,375993472,383788056,192.168.88.253,35430,1678,,loss_recovery,
1503,317674.918327,59067,19,376020984,383808328,192.168.88.253,35430,562,,congestion_avoidance,
1504,317674.924443,59100,23,376204880,384013944,192.168.88.253,35430,1063,,congestion_avoidance,
1505,317674.943991,59173,36,376781184,384600384,192.168.88.253,35430,1526,,loss_recovery,
1506,317674.944876,59177,18,376811592,384619208,192.168.88.253,35430,402,,congestion_avoidance,
1507,317674.949466,59200,21,376947704,384766904,192.168.88.253,35430,669,,congestion_avoidance,
1508,317674.968801,59297,35,377524008,385364928,192.168.88.253,35430,1312,,loss_recovery,
1509,317674.969733,59300,17,377547176,385376512,192.168.88.253,35430,2047,,loss_recovery,
1510,317674.969962,59303,17,377563104,385382304,192.168.88.253,35430,187,,congestion_avoidance,
1511,317674.988113,59400,30,378095968,385939784,192.168.88.253,35430,1267,,congestion_avoidance,
1512,317674.994503,59440,17,378298688,386141056,192.168.88.253,35430,768,,fast_retransmit,
1513,317674.995506,59447,17,378327648,386167120,192.168.88.253,35430,584,,congestion_avoidance,
1514,317675.004741,59500,24,378595528,386443688,192.168.88.253,35430,1073,,congestion_avoidance,
1515,317675.016629,59600,33,378953184,386812928,192.168.88.253,35430,1195,,congestion_avoidance,
1516,317675.021879,59640,36,379116808,386983792,192.168.88.253,35430,993,,loss_recovery,
1517,317675.023330,59652,18,379155904,387015648,192.168.88.253,35430,1053,,congestion_avoidance,
1518,317675.028836,59700,23,379319528,387182168,192.168.88.253,35430,935,,congestion_avoidance,
1519,317675.041429,59800,33,379696008,387577472,192.168.88.253,35430,1247,,congestion_avoidance,
1520,317675.055529,59900,40,380105792,387980016,192.168.88.253,35430,1370,,congestion_avoidance,
1521,317675.056305,59905,41,380126064,388017664,192.168.88.253,35430,1111,,loss_recovery,
1522,317675.057501,59915,20,380173848,388049520,192.168.88.253,35430,519,,congestion_avoidance,
1523,317675.067712,60000,28,380476480,388366632,192.168.88.253,35430,1090,,congestion_avoidance,
1524,317675.080665,60100,36,380868888,388763384,192.168.88.253,35430,1522,,congestion_avoidance,
1525,317675.087512,60152,40,381062920,388970448,192.168.88.253,35430,1343,,loss_recovery,
1526,317675.088536,60162,20,381104912,389003752,192.168.88.253,35430,903,,congestion_avoidance,
1527,317675.093526,60200,24,381252608,389151448,192.168.88.253,35430,1037,,congestion_avoidance,
1528,317675.105965,60300,33,381623296,389529376,192.168.88.253,35430,1201,,congestion_avoidance,
1529,317675.115641,60360,38,381898416,389823320,192.168.88.253,35430,927,,loss_recovery,
1530,317675.117298,60373,19,381943304,389837800,192.168.88.253,35430,343,,congestion_avoidance,
1531,317675.121906,60400,21,382072176,389976808,192.168.88.253,35430,260,,congestion_avoidance,
1532,317675.137172,60500,32,382526848,390448856,192.168.88.253,35430,1255,,congestion_avoidance,
1533,317675.144760,60544,36,382748392,390686328,192.168.88.253,35430,1287,,loss_recovery,
1534,317675.145792,60551,18,382787488,390706600,192.168.88.253,35430,326,,congestion_avoidance,
1535,317675.153562,60600,24,383016272,390951312,192.168.88.253,35430,1047,,congestion_avoidance,
1536,317675.168793,60700,35,383476736,391433496,192.168.88.253,35430,987,,congestion_avoidance,
1537,317675.177573,60762,39,383717104,391682552,192.168.88.253,35430,1425,,loss_recovery,
1538,317675.177656,60763,24,383717104,391684000,192.168.88.253,35430,1513,,fast_retransmit,
1539,317675.178464,60768,19,383757648,391712960,192.168.88.253,35430,698,,congestion_avoidance,
1540,317675.181980,60800,22,383867696,391823008,192.168.88.253,35430,976,,congestion_avoidance,
1541,317675.196156,60900,32,384278928,392245824,192.168.88.253,35430,1180,,congestion_avoidance,
1542,317675.202539,60939,36,384487440,392467368,192.168.88.253,35430,1257,,loss_recovery,
1543,317675.204004,60950,18,384527984,392493432,192.168.88.253,35430,697,,congestion_avoidance,
1544,317675.209881,61000,24,384701744,392674432,192.168.88.253,35430,962,,congestion_avoidance,
1545,317675.224735,61100,34,385139040,393129104,192.168.88.253,35430,1237,,congestion_avoidance,
1546,317675.235808,61188,25,385457600,393447664,192.168.88.253,35430,1357,,fast_retransmit,
1547,317675.236671,61195,20,385501040,393479520,192.168.88.253,35430,754,,congestion_avoidance,
1548,317675.237270,61200,20,385514072,393486760,192.168.88.253,35430,862,,congestion_avoidance,
1549,317675.248675,61300,30,385860144,393840072,192.168.88.253,35430,1160,,congestion_avoidance,
1550,317675.260617,61400,37,386204768,394197728,192.168.88.253,35430,1288,,congestion_avoidance,
1551,317675.269208,61473,24,386450928,394448232,192.168.88.253,35430,1442,,fast_retransmit,
1552,317675.269866,61481,20,386497264,394474296,192.168.88.253,35430,435,,congestion_avoidance,
1553,317675.272218,61500,22,386559528,394539456,192.168.88.253,35430,844,,congestion_avoidance,
1554,317675.283309,61600,30,386891120,394889872,192.168.88.253,35430,1080,,congestion_avoidance,
1555,317675.291959,61671,36,387151760,395162096,192.168.88.253,35430,1584,,loss_recovery,
1556,317675.293250,61678,18,387186512,395185264,192.168.88.253,35430,679,,congestion_avoidance,
1557,317675.296490,61700,21,387286424,395286624,192.168.88.253,35430,774,,congestion_avoidance,
1558,317675.313350,61800,34,387791776,395805008,192.168.88.253,35430,1236,,congestion_avoidance,
1559,317675.313594,61801,34,387794672,395823832,192.168.88.253,35430,1269,,loss_recovery,
1560,317675.314588,61808,17,387829424,395842656,192.168.88.253,35430,309,,congestion_avoidance,
1561,317675.331933,61900,31,388339120,396381312,192.168.88.253,35430,1076,,congestion_avoidance,
1562,317675.336468,61927,34,388479576,396527560,192.168.88.253,35430,1224,,loss_recovery,
1563,317675.337780,61933,17,388518672,396547832,192.168.88.253,35430,453,,congestion_avoidance,
1564,317675.346991,62000,25,388796688,396849016,192.168.88.253,35430,996,,congestion_avoidance,
1565,317675.366512,62100,38,389386024,397442696,192.168.88.253,35430,894,,congestion_avoidance,
1566,317675.366726,62102,38,389391816,397465864,192.168.88.253,35430,1108,,loss_recovery,
1567,317675.368123,62111,19,389430912,397489032,192.168.88.253,35430,1076,,congestion_avoidance,
1568,317675.381367,62200,29,389824768,397901712,192.168.88.253,35430,1346,,congestion_avoidance,
1569,317675.394847,62257,37,390224416,398318736,192.168.88.253,35430,1311,,loss_recovery,
1570,317675.395949,62263,18,390262064,398341904,192.168.88.253,35430,450,,congestion_avoidance,
1571,317675.401512,62300,23,390428584,398527248,192.168.88.253,35430,917,,congestion_avoidance,
1572,317675.418493,62391,17,390938280,399032600,192.168.88.253,35430,616,,fast_retransmit,
1573,317675.419493,62397,17,390967240,399058664,192.168.88.253,35430,613,,congestion_avoidance,
1574,317675.419965,62400,17,390981720,399070248,192.168.88.253,35430,776,,congestion_avoidance,
1575,317675.442720,62490,35,391653592,399769632,192.168.88.253,35430,1284,,loss_recovery,
1576,317675.443968,62496,17,391695584,399788456,192.168.88.253,35430,387,,congestion_avoidance,
1577,317675.444494,62500,17,391710064,399811624,192.168.88.253,35430,501,,congestion_avoidance,
1578,317675.461245,62600,31,392203832,400325664,192.168.88.253,35430,1099,,congestion_avoidance,
1579,317675.473464,62660,38,392564384,400703592,192.168.88.253,35430,1268,,loss_recovery,
1580,317675.474335,62668,19,392606376,400731104,192.168.88.253,35430,688,,congestion_avoidance,
1581,317675.480035,62700,24,392771448,400903416,192.168.88.253,35430,1076,,congestion_avoidance,
1582,317675.495468,62775,34,393223224,401375464,192.168.88.253,35430,1131,,loss_recovery,
1583,317675.496478,62782,17,393266664,401400080,192.168.88.253,35430,183,,congestion_avoidance,
1584,317675.498834,62800,18,393336168,401473928,192.168.88.253,35430,788,,congestion_avoidance,
1585,317675.515774,62900,32,393841520,401999552,192.168.88.253,35430,1180,,congestion_avoidance,
1586,317675.523581,62940,35,394052928,402228336,192.168.88.253,35430,1706,,fast_retransmit,
1587,317675.524793,62945,18,394112296,402251504,192.168.88.253,35430,1122,,congestion_avoidance,
1588,317675.535530,63000,26,394387416,402523728,192.168.88.253,35430,354,,congestion_avoidance,
1589,317675.548059,63067,34,394753760,402920480,192.168.88.253,35430,1187,,loss_recovery,
1590,317675.548782,63073,17,394787064,402943648,192.168.88.253,35430,577,,congestion_avoidance,
1591,317675.552867,63100,19,394908696,403076864,192.168.88.253,35430,607,,congestion_avoidance,
1592,317675.569827,63200,32,395406808,403593800,192.168.88.253,35430,1407,,congestion_avoidance,
1593,317675.573064,63218,34,395502376,403690816,192.168.88.253,35430,1111,,loss_recovery,
1594,317675.573725,63222,17,395531336,403713984,192.168.88.253,35430,538,,congestion_avoidance,
1595,317675.585099,63300,26,395865824,404064400,192.168.88.253,35430,847,,congestion_avoidance,
1596,317675.602642,63400,38,396401584,404607400,192.168.88.253,35430,1222,,congestion_avoidance,
1597,317675.604055,63407,26,396417512,404626224,192.168.88.253,35430,1542,,fast_retransmit,
1598,317675.604786,63412,19,396460952,404647944,192.168.88.253,35430,632,,congestion_avoidance,
1599,317675.619608,63500,31,396896800,405092480,192.168.88.253,35430,1291,,congestion_avoidance,
1600,317675.625245,63525,34,397054632,405269136,192.168.88.253,35430,1306,,loss_recovery,
1601,317675.625794,63529,17,397089384,405289408,192.168.88.253,35430,373,,congestion_avoidance,
1602,317675.638806,63600,27,397471656,405696296,192.168.88.253,35430,1139,,congestion_avoidance,
1603,317675.655345,63690,16,397972664,406190064,192.168.88.253,35430,762,,fast_retransmit,
1604,317675.656240,63697,19,398003072,406219024,192.168.88.253,35430,463,,congestion_avoidance,
1605,317675.657079,63700,19,398017552,406232056,192.168.88.253,35430,932,,congestion_avoidance,
1606,317675.675076,63800,33,398557656,406783744,192.168.88.253,35430,1604,,congestion_avoidance,
1607,317675.677227,63810,34,398614128,406851800,192.168.88.253,35430,1249,,loss_recovery,
1608,317675.677870,63816,17,398643088,406874968,192.168.88.253,35430,448,,congestion_avoidance,
1609,317675.694613,63900,30,399096312,407333984,192.168.88.253,35430,2662,,congestion_avoidance,
1610,317675.709116,63974,38,399537952,407804584,192.168.88.253,35430,1488,,loss_recovery,
1611,317675.710051,63981,19,399581392,407832096,192.168.88.253,35430,738,,congestion_avoidance,
1612,317675.713518,64000,21,399684200,407940696,192.168.88.253,35430,896,,congestion_avoidance,
1613,317675.732636,64100,35,400254712,408530032,192.168.88.253,35430,1086,,congestion_avoidance,
1614,317675.742913,64150,29,400551552,408831216,192.168.88.253,35430,1146,,fast_retransmit,
1615,317675.744630,64164,20,400619608,408884792,192.168.88.253,35430,751,,congestion_avoidance,
1616,317675.750787,64200,25,400794816,409054208,192.168.88.253,35430,1059,,congestion_avoidance,
1617,317675.769361,64293,25,401336368,409616032,192.168.88.253,35430,1405,,fast_retransmit,
1618,317675.770152,64298,18,401381256,409636304,192.168.88.253,35430,628,,congestion_avoidance,
1619,317675.770730,64300,18,401394288,409649336,192.168.88.253,35430,765,,congestion_avoidance,
1620,317675.790798,64400,34,401977832,410264736,192.168.88.253,35430,1304,,congestion_avoidance,
1621,317675.791612,64409,17,402021272,410289352,192.168.88.253,35430,568,,fast_retransmit,
1622,317675.792602,64416,17,402050232,410315416,192.168.88.253,35430,643,,congestion_avoidance,
1623,317675.810906,64500,32,402588888,410864208,192.168.88.253,35430,1272,,congestion_avoidance,
1624,317675.822022,64556,23,402917584,411204488,192.168.88.253,35430,1077,,fast_retransmit,
1625,317675.823088,64563,19,402961024,411230552,192.168.88.253,35430,788,,congestion_avoidance,
1626,317675.830290,64600,25,403175328,411443408,192.168.88.253,35430,1106,,congestion_avoidance,
1627,317675.843231,64642,34,403554704,411822784,192.168.88.253,35430,1366,,loss_recovery,
1628,317675.843835,64644,17,403573528,411844504,192.168.88.253,35430,279,,congestion_avoidance,
1629,317675.856181,64700,26,403945664,412245600,192.168.88.253,35430,1267,,congestion_avoidance,
1630,317675.873465,64769,37,404458256,412772672,192.168.88.253,35430,1284,,loss_recovery,
1631,317675.874618,64776,18,404498800,412788600,192.168.88.253,35430,468,,congestion_avoidance,
1632,317675.880133,64800,21,404658080,412959464,192.168.88.253,35430,872,,congestion_avoidance,
1633,317675.900754,64877,37,405286512,413621200,192.168.88.253,35430,1412,,loss_recovery,
1634,317675.902384,64882,18,405329952,413641472,192.168.88.253,35430,452,,congestion_avoidance,
1635,317675.906735,64900,21,405457376,413780480,192.168.88.253,35430,821,,congestion_avoidance,
1636,317675.926307,64954,35,406045264,414387192,192.168.88.253,35430,1285,,loss_recovery,
1637,317675.927989,64957,17,406082912,414416152,192.168.88.253,35430,360,,congestion_avoidance,
1638,317675.939514,65000,26,406437672,414788288,192.168.88.253,35430,1217,,congestion_avoidance,
1639,317675.954925,65040,37,406906824,415279160,192.168.88.253,35430,1506,,loss_recovery,
1640,317675.956795,65043,19,406956056,415315360,192.168.88.253,35430,386,,congestion_avoidance,
1641,317675.979061,65100,35,407620688,415995920,192.168.88.253,35430,1154,,congestion_avoidance,
1642,317675.980416,65106,36,407664128,416048048,192.168.88.253,35430,1200,,loss_recovery,
1643,317675.982075,65109,18,407703224,416078456,192.168.88.253,35430,312,,congestion_avoidance,
1644,317676.007040,65173,36,408460528,416873408,192.168.88.253,35430,1277,,loss_recovery,
1645,317676.008836,65178,18,408511208,416903816,192.168.88.253,35430,273,,congestion_avoidance,
1646,317676.015792,65200,23,408718272,417116672,192.168.88.253,35430,1058,,congestion_avoidance,
1647,317676.038112,65291,38,409377112,417821848,192.168.88.253,35430,1326,,loss_recovery,
1648,317676.039483,65296,19,409424896,417852256,192.168.88.253,35430,296,,congestion_avoidance,
1649,317676.040406,65300,19,409450960,417878320,192.168.88.253,35430,465,,congestion_avoidance,
1650,317676.065907,65400,37,410208264,418657344,192.168.88.253,35430,1347,,congestion_avoidance,
1651,317676.069369,65419,38,410308176,418773184,192.168.88.253,35430,1355,,loss_recovery,
1652,317676.070493,65425,19,410354512,418790560,192.168.88.253,35430,435,,congestion_avoidance,
1653,317676.093932,65500,35,411059688,419520352,192.168.88.253,35430,993,,congestion_avoidance,
1654,317676.099231,65519,28,411198696,419673840,192.168.88.253,35430,1201,,fast_retransmit,
1655,317676.100107,65527,19,411243584,419701352,192.168.88.253,35430,666,,congestion_avoidance,
1656,317676.116396,65600,32,411721424,420180640,192.168.88.253,35430,1438,,congestion_avoidance,
1657,317676.128391,65645,39,412084872,420581736,192.168.88.253,35430,1207,,loss_recovery,
1658,317676.129792,65649,19,412123968,420602008,192.168.88.253,35430,249,,congestion_avoidance,
1659,317676.141350,65700,27,412465696,420966904,192.168.88.253,35430,1008,,congestion_avoidance,
1660,317676.152274,65732,34,412788600,421308632,192.168.88.253,35430,1526,,loss_recovery,
1661,317676.152878,65735,17,412819008,421336144,192.168.88.253,35430,337,,congestion_avoidance,
1662,317676.168718,65800,29,413288160,421813984,192.168.88.253,35430,1277,,congestion_avoidance,
1663,317676.181976,65859,38,413692152,422249832,192.168.88.253,35430,1464,,loss_recovery,
1664,317676.183738,65866,19,413738488,422268656,192.168.88.253,35430,493,,congestion_avoidance,
1665,317676.191237,65900,24,413960032,422504680,192.168.88.253,35430,1054,,congestion_avoidance,
1666,317676.209795,65967,36,414513168,423076640,192.168.88.253,35430,1532,,loss_recovery,
1667,317676.210776,65971,18,414546472,423095464,192.168.88.253,35430,434,,congestion_avoidance,
1668,317676.217794,66000,23,414752088,423319904,192.168.88.253,35430,922,,congestion_avoidance,
1669,317676.232262,66065,34,415186488,423762992,192.168.88.253,35430,1362,,loss_recovery,
1670,317676.233179,66069,17,415215448,423796296,192.168.88.253,35430,610,,congestion_avoidance,
1671,317676.239413,66100,21,415402240,423984536,192.168.88.253,35430,773,,congestion_avoidance,
1672,317676.259537,66184,35,416000264,424610072,192.168.88.253,35430,1306,,loss_recovery,
1673,317676.260707,66190,17,416037912,424628896,192.168.88.253,35430,353,,congestion_avoidance,
1674,317676.262837,66200,17,416104520,424699848,192.168.88.253,35430,611,,congestion_avoidance,
1675,317676.287514,66300,36,416845896,425462944,192.168.88.253,35430,678,,congestion_avoidance,
1676,317676.288201,66306,36,416866168,425499144,192.168.88.253,35430,1366,,loss_recovery,
1677,317676.289848,66312,18,416909608,425516520,192.168.88.253,35430,356,,congestion_avoidance,
1678,317676.315293,66400,37,417672704,426315816,192.168.88.253,35430,1445,,congestion_avoidance,
1679,317676.317866,66410,38,417737864,426370840,192.168.88.253,35430,2007,,loss_recovery,
1680,317676.318498,66413,19,417763928,426402696,192.168.88.253,35430,592,,congestion_avoidance,
1681,317676.344940,66500,37,418547296,427180272,192.168.88.253,35430,1935,,congestion_avoidance,
1682,317676.346611,66511,38,418612456,427284528,192.168.88.253,35430,1346,,loss_recovery,
1683,317676.348380,66521,19,418658792,427303352,192.168.88.253,35430,523,,congestion_avoidance,
1684,317676.370645,66600,35,419329216,428008528,192.168.88.253,35430,848,,congestion_avoidance,
1685,317676.377973,66633,39,419547864,428238760,192.168.88.253,35430,1549,,loss_recovery,
1686,317676.379945,66637,19,419592752,428259032,192.168.88.253,35430,399,,congestion_avoidance,
1687,317676.396105,66700,30,420076384,428764384,192.168.88.253,35430,1373,,congestion_avoidance,
1688,317676.407338,66733,37,420413768,429122040,192.168.88.253,35430,1729,,loss_recovery,
1689,317676.408058,66736,18,420445624,429148104,192.168.88.253,35430,353,,congestion_avoidance,
1690,317676.421726,66800,28,420839480,429568024,192.168.88.253,35430,888,,congestion_avoidance,
1691,317676.434560,66854,36,421233336,429972016,192.168.88.253,35430,1142,,loss_recovery,
1692,317676.435979,66861,18,421278224,429989392,192.168.88.253,35430,453,,congestion_avoidance,
1693,317676.444121,66900,25,421520040,430260168,192.168.88.253,35430,1203,,congestion_avoidance,
1694,317676.468331,67000,40,422245488,431001544,192.168.88.253,35430,941,,congestion_avoidance,
1695,317676.470766,67020,41,422322232,431089872,192.168.88.253,35430,1695,,loss_recovery,
1696,317676.472749,67028,20,422374360,431124624,192.168.88.253,35430,631,,congestion_avoidance,
1697,317676.486351,67100,30,422781248,431544544,192.168.88.253,35430,1252,,congestion_avoidance,
1698,317676.504895,67193,37,423317008,432107816,192.168.88.253,35430,1556,,fast_retransmit,
1699,317676.506442,67198,20,423383616,432130984,192.168.88.253,35430,1180,,congestion_avoidance,
1700,317676.506610,67200,20,423389408,432145464,192.168.88.253,35430,1172,,congestion_avoidance,
1701,317676.526567,67275,35,423977296,432746384,192.168.88.253,35430,1404,,loss_recovery,
1702,317676.527665,67279,17,424019288,432771000,192.168.88.253,35430,318,,congestion_avoidance,
1703,317676.532266,67300,22,424152504,432914352,192.168.88.253,35430,845,,congestion_avoidance,
1704,317676.560436,67399,38,424961936,433764328,192.168.88.253,35430,1450,,loss_recovery,
1705,317676.560547,67400,22,424964832,433764328,192.168.88.253,35430,1545,,loss_recovery,
1706,317676.562366,67404,19,425005376,433786048,192.168.88.253,35430,393,,congestion_avoidance,
1707,317676.583558,67499,34,425635256,434452128,192.168.88.253,35430,1283,,loss_recovery,
1708,317676.583661,67500,17,425639600,434452128,192.168.88.253,35430,1388,,loss_recovery,
1709,317676.584185,67505,17,425668560,434473848,192.168.88.253,35430,416,,congestion_avoidance,
1710,317676.608394,67600,34,426391112,435223912,192.168.88.253,35430,1483,,congestion_avoidance,
1711,317676.611565,67613,36,426473648,435313688,192.168.88.253,35430,1672,,loss_recovery,
1712,317676.612724,67619,18,426519984,435341200,192.168.88.253,35430,507,,congestion_avoidance,
1713,317676.627571,67700,29,426957280,435791528,192.168.88.253,35430,1112,,congestion_avoidance,
1714,317676.635705,67740,35,427194752,436049272,192.168.88.253,35430,1316,,loss_recovery,
1715,317676.636342,67744,17,427226608,436072440,192.168.88.253,35430,436,,congestion_avoidance,
1716,317676.647979,67800,26,427571232,436422856,192.168.88.253,35430,1122,,congestion_avoidance,
1717,317676.664560,67860,37,428073688,436958616,192.168.88.253,35430,1270,,loss_recovery,
1718,317676.666009,67869,18,428112784,436984680,192.168.88.253,35430,772,,congestion_avoidance,
1719,317676.672877,67900,23,428315504,437191744,192.168.88.253,35430,927,,congestion_avoidance,
1720,317676.692054,67960,36,428881672,437766600,192.168.88.253,35430,1774,,loss_recovery,
1721,317676.692731,67963,18,428910632,437792664,192.168.88.253,35430,388,,congestion_avoidance,
1722,317676.702656,68000,25,429203128,438095296,192.168.88.253,35430,978,,congestion_avoidance,
1723,317676.721187,68057,37,429751920,438673048,192.168.88.253,35430,1718,,loss_recovery,
1724,317676.721925,68060,18,429785224,438703456,192.168.88.253,35430,420,,congestion_avoidance,
1725,317676.731853,68100,26,430079168,439000296,192.168.88.253,35430,883,,congestion_avoidance,
1726,317676.747837,68165,37,430562800,439517232,192.168.88.253,35430,1121,,loss_recovery,
1727,317676.749428,68169,18,430603344,439551984,192.168.88.253,35430,672,,congestion_avoidance,
1728,317676.758159,68200,26,430861088,439815520,192.168.88.253,35430,1290,,congestion_avoidance,
1729,317676.777139,68270,38,431417120,440394720,192.168.88.253,35430,1525,,loss_recovery,
1730,317676.778246,68277,19,431467800,440422232,192.168.88.253,35430,576,,congestion_avoidance,
1731,317676.785056,68300,24,431661832,440632192,192.168.88.253,35430,1141,,congestion_avoidance,
1732,317676.806215,68369,38,432307640,441305512,192.168.88.253,35430,1396,,loss_recovery,
1733,317676.808013,68375,19,432353976,441324336,192.168.88.253,35430,449,,congestion_avoidance,
1734,317676.814656,68400,23,432549456,441534296,192.168.88.253,35430,846,,congestion_avoidance,
1735,317676.829192,68464,34,432982408,441988968,192.168.88.253,35430,1594,,loss_recovery,
1736,317676.830107,68472,17,433015712,442016480,192.168.88.253,35430,787,,congestion_avoidance,
1737,317676.835241,68500,21,433166304,442165624,192.168.88.253,35430,1017,,congestion_avoidance,
1738,317676.854856,68574,35,433752744,442773784,192.168.88.253,35430,1350,,loss_recovery,
1739,317676.855834,68578,17,433784600,442791160,192.168.88.253,35430,430,,congestion_avoidance,
1740,317676.860770,68600,20,433927952,442951888,192.168.88.253,35430,751,,congestion_avoidance,
1741,317676.888324,68700,39,434760552,443812000,192.168.88.253,35430,1389,,congestion_avoidance,
1742,317676.890003,68705,20,434772136,443825032,192.168.88.253,35430,1765,,fast_retransmit,
1743,317676.890346,68708,20,434817024,443839512,192.168.88.253,35430,451,,congestion_avoidance,
1744,317676.915990,68800,38,435588808,444614192,192.168.88.253,35430,616,,congestion_avoidance,
1745,317676.919334,68816,19,435645280,444696728,192.168.88.253,35430,1976,,fast_retransmit,
1746,317676.919530,68818,19,435691616,444709760,192.168.88.253,35430,641,,congestion_avoidance,
1747,317676.942192,68893,35,436356248,445404800,192.168.88.253,35430,978,,loss_recovery,
1748,317676.943491,68899,17,436399688,445427968,192.168.88.253,35430,441,,congestion_avoidance,
1749,317676.943632,68900,17,436411272,445427968,192.168.88.253,35430,304,,congestion_avoidance,
1750,317676.968253,69000,35,437148304,446193960,192.168.88.253,35430,704,,congestion_avoidance,
1751,317676.971620,69012,36,437239528,446292424,192.168.88.253,35430,1406,,loss_recovery,
1752,317676.972608,69016,18,437275728,446322832,192.168.88.253,35430,266,,congestion_avoidance,
1753,317676.995856,69100,35,437967872,447043936,192.168.88.253,35430,1537,,congestion_avoidance,
1754,317677.000035,69115,37,438099640,447184392,192.168.88.253,35430,1240,,loss_recovery,
1755,317677.001938,69120,18,438141632,447203216,192.168.88.253,35430,373,,congestion_avoidance,
1756,317677.020774,69200,32,438709248,447805584,192.168.88.253,35430,1471,,congestion_avoidance,
1757,317677.031198,69242,38,439014776,448116904,192.168.88.253,35430,1424,,loss_recovery,
1758,317677.032480,69249,19,439064008,448154552,192.168.88.253,35430,679,,congestion_avoidance,
1759,317677.043563,69300,28,439389808,448490488,192.168.88.253,35430,1216,,congestion_avoidance,
1760,317677.052099,69336,34,439643208,448758368,192.168.88.253,35430,1529,,loss_recovery,
1761,317677.053235,69342,17,439685200,448788776,192.168.88.253,35430,604,,congestion_avoidance,
1762,317677.066957,69400,28,440092088,449207248,192.168.88.253,35430,840,,congestion_avoidance,
1763,317677.089975,69499,41,440774096,449902288,192.168.88.253,35430,1924,,loss_recovery,
1764,317677.090247,69500,20,440788576,449916768,192.168.88.253,35430,1917,,loss_recovery,
1765,317677.090621,69502,20,440803056,449925456,192.168.88.253,35430,616,,congestion_avoidance,
1766,317677.113025,69574,35,441467688,450639320,192.168.88.253,35430,1220,,loss_recovery,
1767,317677.114413,69580,17,441508232,450650904,192.168.88.253,35430,1542,,congestion_avoidance,
1768,317677.118389,69600,19,441629864,450775432,192.168.88.253,35430,903,,congestion_avoidance,
1769,317677.139535,69691,35,442269880,451450200,192.168.88.253,35430,1321,,loss_recovery,
1770,317677.141126,69700,17,442311872,451469024,192.168.88.253,35430,464,,congestion_avoidance,
1771,317677.159512,69800,30,442850528,452029400,192.168.88.253,35430,1179,,congestion_avoidance,
1772,317677.164549,69829,34,443005464,452198816,192.168.88.253,35430,1530,,loss_recovery,
1773,317677.165394,69834,17,443040216,452217640,192.168.88.253,35430,674,,congestion_avoidance,
1774,317677.177176,69900,26,443384840,452586880,192.168.88.253,35430,1045,,congestion_avoidance,
1775,317677.201086,70000,36,443953904,453171872,192.168.88.253,35430,1333,,congestion_avoidance,
1776,317677.204747,70025,39,444076984,453299296,192.168.88.253,35430,993,,loss_recovery,
1777,317677.206259,70034,19,444117528,453322464,192.168.88.253,35430,433,,congestion_avoidance,
1778,317677.230471,70170,34,444825600,454062392,192.168.88.253,35430,1309,,loss_recovery,
1779,317677.231390,70181,17,444861800,454079768,192.168.88.253,35430,367,,congestion_avoidance,
1780,317677.233725,70200,18,444928408,454160856,192.168.88.253,35430,730,,congestion_avoidance,
1781,317677.252393,70300,33,445481544,454713992,192.168.88.253,35430,1583,,congestion_avoidance,
1782,317677.255412,70315,35,445572768,454829832,192.168.88.253,35430,1267,,loss_recovery,
1783,317677.256958,70323,17,445620552,454858792,192.168.88.253,35430,640,,congestion_avoidance,
1784,317677.279717,70400,33,446295320,455556728,192.168.88.253,35430,1235,,congestion_avoidance,
1785,317677.284741,70424,18,446414056,455688496,192.168.88.253,35430,1926,,fast_retransmit,
1786,317677.284906,70427,18,446458944,455701528,192.168.88.253,35430,416,,congestion_avoidance,
1787,317677.309146,70500,36,447188736,456468968,192.168.88.253,35430,1321,,loss_recovery,
1788,317677.310649,70511,18,447229280,456486344,192.168.88.253,35430,336,,congestion_avoidance,
1789,317677.321054,70600,27,447540600,456813592,192.168.88.253,35430,1017,,congestion_avoidance,
1790,317677.332256,70700,34,447873640,457152424,192.168.88.253,35430,1149,,congestion_avoidance,
1791,317677.343061,70800,40,448196544,457486912,192.168.88.253,35430,1369,,congestion_avoidance,
1792,317677.346419,70826,42,448286320,457589720,192.168.88.253,35430,1347,,loss_recovery,
1793,317677.347434,70837,21,448329760,457620128,192.168.88.253,35430,860,,congestion_avoidance,
1794,317677.357569,70900,29,448625152,457916968,192.168.88.253,35430,1004,,congestion_avoidance,
1795,317677.368575,70960,36,448948056,458264488,192.168.88.253,35430,1590,,loss_recovery,
1796,317677.369695,70966,18,448991496,458292000,192.168.88.253,35430,371,,congestion_avoidance,
1797,317677.375193,71000,23,449158016,458470104,192.168.88.253,35430,918,,congestion_avoidance,
1798,317677.393707,71098,36,449708256,459029032,192.168.88.253,35430,1852,,loss_recovery,
1799,317677.394169,71100,18,449715496,459037720,192.168.88.253,35430,1134,,loss_recovery,
1800,317677.394539,71104,18,449735768,459056544,192.168.88.253,35430,749,,congestion_avoidance,
1801,317677.409281,71200,30,450171616,459508320,192.168.88.253,35430,1226,,congestion_avoidance,
1802,317677.423600,71274,39,450588640,459947064,192.168.88.253,35430,1315,,loss_recovery,
1803,317677.423740,71275,25,450588640,459948512,192.168.88.253,35430,1473,,fast_retransmit,
1804,317677.424417,71280,19,450629184,459967336,192.168.88.253,35430,642,,congestion_avoidance,
1805,317677.427801,71300,22,450729096,460073040,192.168.88.253,35430,1069,,congestion_avoidance,
1806,317677.446423,71400,35,451273544,460633416,192.168.88.253,35430,1412,,congestion_avoidance,
1807,317677.459050,71464,42,451650024,461047544,192.168.88.253,35430,1453,,loss_recovery,
1808,317677.460392,71471,21,451705048,461089536,192.168.88.253,35430,675,,congestion_avoidance,
1809,317677.465428,71500,25,451849848,461234336,192.168.88.253,35430,987,,congestion_avoidance,
1810,317677.481234,71581,36,452311760,461735344,192.168.88.253,35430,1233,,loss_recovery,
1811,317677.482264,71589,18,452359544,461758512,192.168.88.253,35430,436,,congestion_avoidance,
1812,317677.484081,71600,19,452408776,461810640,192.168.88.253,35430,750,,congestion_avoidance,
1813,317677.502548,71700,33,452956120,462381152,192.168.88.253,35430,1288,,congestion_avoidance,
1814,317677.506972,71729,36,453102368,462540432,192.168.88.253,35430,1212,,loss_recovery,
1815,317677.508737,71738,18,453147256,462566496,192.168.88.253,35430,534,,congestion_avoidance,
1816,317677.522211,71800,29,453552696,462992208,192.168.88.253,35430,797,,congestion_avoidance,
1817,317677.532661,71824,36,453864016,463309320,192.168.88.253,35430,1311,,loss_recovery,
1818,317677.533932,71827,18,453903112,463344072,192.168.88.253,35430,452,,congestion_avoidance,
1819,317677.559428,71888,36,454660416,464139024,192.168.88.253,35430,1539,,loss_recovery,
1820,317677.560957,71892,18,454711096,464175224,192.168.88.253,35430,750,,congestion_avoidance,
1821,317677.563547,71900,19,454787840,464249072,192.168.88.253,35430,744,,congestion_avoidance,
1822,317677.590618,71971,38,455598720,465103392,192.168.88.253,35430,1676,,loss_recovery,
1823,317677.592813,71975,19,455652296,465125112,192.168.88.253,35430,353,,congestion_avoidance,
1824,317677.599865,72000,22,455868048,465361136,192.168.88.253,35430,741,,congestion_avoidance,
1825,317677.623968,72066,39,456594944,466118440,192.168.88.253,35430,1626,,loss_recovery,
1826,317677.626108,72071,19,456645624,466150296,192.168.88.253,35430,366,,congestion_avoidance,
1827,317677.635476,72100,24,456932328,466441344,192.168.88.253,35430,1140,,congestion_avoidance,
1828,317677.655128,72159,37,457526008,467069776,192.168.88.253,35430,1541,,loss_recovery,
1829,317677.657398,72163,18,457578136,467101632,192.168.88.253,35430,367,,congestion_avoidance,
1830,317677.670260,72200,27,457973440,467515760,192.168.88.253,35430,853,,congestion_avoidance,
1831,317677.683315,72231,36,458358608,467909616,192.168.88.253,35430,1697,,loss_recovery,
1832,317677.684490,72235,18,458399152,467935680,192.168.88.253,35430,521,,congestion_avoidance,
1833,317677.708735,72300,36,459130392,468701672,192.168.88.253,35430,969,,congestion_avoidance,
1834,317677.709271,72303,36,459143424,468720496,192.168.88.253,35430,1504,,loss_recovery,
1835,317677.711008,72308,18,459192656,468752352,192.168.88.253,35430,551,,congestion_avoidance,
1836,317677.736276,72380,36,459952856,469548752,192.168.88.253,35430,1322,,loss_recovery,
1837,317677.738073,72383,19,459999192,469579160,192.168.88.253,35430,279,,congestion_avoidance,
1838,317677.742963,72400,21,460145440,469731200,192.168.88.253,35430,1031,,congestion_avoidance,
1839,317677.763527,72450,36,460753600,470353840,192.168.88.253,35430,1442,,loss_recovery,
1840,317677.764757,72454,18,460801384,470392936,192.168.88.253,35430,567,,congestion_avoidance,
1841,317677.779479,72500,29,461238680,470838920,192.168.88.253,35430,1209,,congestion_avoidance,
1842,317677.790552,72534,36,461573168,471202368,192.168.88.253,35430,1181,,loss_recovery,
1843,317677.792502,72540,18,461623848,471232776,192.168.88.253,35430,273,,congestion_avoidance,
1844,317677.811368,72600,32,462187120,471803288,192.168.88.253,35430,1488,,congestion_avoidance,
1845,317677.820201,72627,37,462456448,472094336,192.168.88.253,35430,1225,,loss_recovery,
1846,317677.821813,72630,18,462492648,472113160,192.168.88.253,35430,456,,congestion_avoidance,
1847,317677.846724,72700,36,463252848,472916800,192.168.88.253,35430,1478,,loss_recovery,
1848,317677.848486,72704,18,463302080,472948656,192.168.88.253,35430,550,,congestion_avoidance,
1849,317677.878063,72799,38,464189704,473875376,192.168.88.253,35430,1284,,loss_recovery,
1850,317677.878539,72800,22,464199840,473875376,192.168.88.253,35430,1405,,loss_recovery,
1851,317677.879758,72803,19,464233144,473897096,192.168.88.253,35430,391,,congestion_avoidance,
1852,317677.904662,72900,35,464986104,474683360,192.168.88.253,35430,1070,,congestion_avoidance,
1853,317677.905013,72903,36,464996240,474700736,192.168.88.253,35430,1421,,loss_recovery,
1854,317677.906812,72909,18,465045472,474731144,192.168.88.253,35430,550,,congestion_avoidance,
1855,317677.932593,72992,36,465802776,475505824,192.168.88.253,35430,1697,,loss_recovery,
1856,317677.933045,72995,18,465828840,475520304,192.168.88.253,35430,407,,congestion_avoidance,
1857,317677.934109,73000,19,465859248,475559400,192.168.88.253,35430,573,,congestion_avoidance,
1858,317677.959305,73088,37,466616552,476352904,192.168.88.253,35430,1480,,loss_recovery,
1859,317677.961226,73093,18,466659992,476371728,192.168.88.253,35430,448,,congestion_avoidance,
1860,317677.962775,73100,18,466710672,476435440,192.168.88.253,35430,339,,congestion_avoidance,
1861,317677.988406,73194,37,467485352,477263696,192.168.88.253,35430,1095,,loss_recovery,
1862,317677.989388,73196,18,467485352,477275280,192.168.88.253,35430,1409,,fast_retransmit,
1863,317677.989760,73199,18,467521552,477286864,192.168.88.253,35430,440,,congestion_avoidance,
1864,317677.989947,73200,18,467524448,477286864,192.168.88.253,35430,625,,congestion_avoidance,
1865,317678.014943,73300,36,468278856,478060096,192.168.88.253,35430,510,,congestion_avoidance,
1866,317678.023141,73349,40,468525016,478330872,192.168.88.253,35430,1366,,loss_recovery,
1867,317678.025181,73354,20,468567008,478348248,192.168.88.253,35430,903,,congestion_avoidance,
1868,317678.035420,73400,27,468879776,478676944,192.168.88.253,35430,1026,,congestion_avoidance,
1869,317678.047282,73462,35,469234536,479053424,192.168.88.253,35430,1277,,loss_recovery,
1870,317678.048394,73468,17,469273632,479072248,192.168.88.253,35430,413,,congestion_avoidance,
1871,317678.053891,73500,21,469440152,479246008,192.168.88.253,35430,881,,congestion_avoidance,
1872,317678.072243,73576,35,469977360,479813624,192.168.88.253,35430,1009,,loss_recovery,
1873,317678.073259,73586,17,470019352,479839688,192.168.88.253,35430,432,,congestion_avoidance,
1874,317678.074824,73600,17,470064240,479891816,192.168.88.253,35430,602,,congestion_avoidance,
1875,317678.088916,73700,29,470485608,480314632,192.168.88.253,35430,1062,,congestion_avoidance,
1876,317678.100925,73771,37,470828784,480702696,192.168.88.253,35430,1401,,loss_recovery,
1877,317678.101838,73780,18,470870776,480720072,192.168.88.253,35430,409,,congestion_avoidance,
1878,317678.105556,73800,21,470979376,480841704,192.168.88.253,35430,427,,congestion_avoidance,
1879,317678.117619,73900,31,471335584,481218184,192.168.88.253,35430,1115,,congestion_avoidance,
1880,317678.125436,73951,36,471583192,481496200,192.168.88.253,35430,976,,loss_recovery,
1881,317678.127373,73960,18,471620840,481501992,192.168.88.253,35430,1972,,congestion_avoidance,
1882,317678.133271,74000,23,471810528,481701816,192.168.88.253,35430,1009,,congestion_avoidance,
1883,317678.147130,74100,33,472224656,482128976,192.168.88.253,35430,1277,,congestion_avoidance,
1884,317678.152908,74148,36,472404208,482317216,192.168.88.253,35430,1564,,loss_recovery,
1885,317678.154415,74157,18,472444752,482346176,192.168.88.253,35430,860,,congestion_avoidance,
1886,317678.161580,74200,24,472653264,482563376,192.168.88.253,35430,848,,congestion_avoidance,
1887,317678.177790,74300,35,473136896,483064384,192.168.88.253,35430,1362,,congestion_avoidance,
1888,317678.182433,74333,19,473249840,483174432,192.168.88.253,35430,1790,,fast_retransmit,
1889,317678.182853,74337,19,473293280,483180224,192.168.88.253,35430,137,,congestion_avoidance,
1890,317678.191416,74400,25,473543784,483451000,192.168.88.253,35430,1112,,congestion_avoidance,
1891,317678.207160,74484,36,474024520,483959248,192.168.88.253,35430,1365,,loss_recovery,
1892,317678.208697,74495,18,474063616,483978072,192.168.88.253,35430,403,,congestion_avoidance,
1893,317678.209373,74500,18,474083888,483991104,192.168.88.253,35430,488,,congestion_avoidance,
1894,317678.221184,74600,28,474431408,484358896,192.168.88.253,35430,1168,,congestion_avoidance,
1895,317678.230541,74676,34,474715216,484664424,192.168.88.253,35430,1223,,loss_recovery,
1896,317678.231656,74686,17,474751416,484683248,192.168.88.253,35430,367,,congestion_avoidance,
1897,317678.233437,74700,18,474804992,484749856,192.168.88.253,35430,545,,congestion_avoidance,
1898,317678.246466,74800,29,475193056,485142264,192.168.88.253,35430,1237,,congestion_avoidance,
1899,317678.253456,74852,34,475397224,485363808,192.168.88.253,35430,1491,,loss_recovery,
1900,317678.254368,74862,17,475431976,485391320,192.168.88.253,35430,798,,congestion_avoidance,
1901,317678.259400,74900,21,475581120,485547704,192.168.88.253,35430,904,,congestion_avoidance,
1902,317678.272898,75000,32,475982216,485958936,192.168.88.253,35430,1001,,congestion_avoidance,
1903,317678.276368,75027,34,476085024,486070432,192.168.88.253,35430,1323,,loss_recovery,
1904,317678.277404,75035,17,476118328,486089256,192.168.88.253,35430,342,,congestion_avoidance,
1905,317678.286096,75100,24,476373176,486362928,192.168.88.253,35430,854,,congestion_avoidance,
1906,317678.298945,75187,34,476755448,486758232,192.168.88.253,35430,1169,,loss_recovery,
1907,317678.299761,75193,17,476788752,486779952,192.168.88.253,35430,727,,congestion_avoidance,
1908,317678.300807,75200,17,476816264,486814704,192.168.88.253,35430,540,,congestion_avoidance,
1909,317678.316598,75300,31,477286864,487307024,192.168.88.253,35430,1399,,congestion_avoidance,
1910,317678.330687,75400,39,477711128,487716808,192.168.88.253,35430,1795,,congestion_avoidance,
1911,317678.332195,75410,40,477740088,487774728,192.168.88.253,35430,1480,,loss_recovery,
1912,317678.333023,75420,20,477782080,487803688,192.168.88.253,35430,741,,congestion_avoidance,
1913,317678.343759,75500,29,478099192,488135280,192.168.88.253,35430,1298,,congestion_avoidance,
1914,317678.353265,75567,35,478374312,488420536,192.168.88.253,35430,1275,,loss_recovery,
1915,317678.353921,75572,17,478407616,488443704,192.168.88.253,35430,533,,congestion_avoidance,
1916,317678.358488,75600,20,478543728,488589952,192.168.88.253,35430,865,,congestion_avoidance,
1917,317678.374740,75700,32,479024464,489077928,192.168.88.253,35430,1329,,congestion_avoidance,
1918,317678.380127,75733,25,479166368,489234312,192.168.88.253,35430,1559,,fast_retransmit,
1919,317678.380715,75738,17,479208360,489250240,192.168.88.253,35430,621,,congestion_avoidance,
1920,317678.391078,75800,26,479516784,489577488,192.168.88.253,35430,827,,congestion_avoidance,
1921,317678.411051,75900,37,480038064,490103112,192.168.88.253,35430,1403,,congestion_avoidance,
1922,317678.411863,75902,25,480038064,490104560,192.168.88.253,35430,1499,,fast_retransmit,
1923,317678.412554,75908,18,480080056,490124832,192.168.88.253,35430,611,,congestion_avoidance,
1924,317678.426395,76000,30,480489840,490556336,192.168.88.253,35430,1353,,congestion_avoidance,
1925,317678.439456,76068,38,480875008,490955984,192.168.88.253,35430,1614,,loss_recovery,
1926,317678.440398,76075,19,480912656,490974808,192.168.88.253,35430,816,,congestion_avoidance,
1927,317678.446238,76100,24,481083520,491150016,192.168.88.253,35430,940,,congestion_avoidance,
1928,317678.466920,76200,38,481707608,491791480,192.168.88.253,35430,1264,,congestion_avoidance,
1929,317678.468119,76205,38,481724984,491826232,192.168.88.253,35430,1355,,loss_recovery,
1930,317678.469392,76211,19,481777112,491858088,192.168.88.253,35430,434,,congestion_avoidance,
1931,317678.484989,76300,31,482240472,492344616,192.168.88.253,35430,1242,,congestion_avoidance,
1932,317678.490337,76324,17,482404096,492498104,192.168.88.253,35430,368,,fast_retransmit,
1933,317678.491393,76330,17,482435952,492524168,192.168.88.253,35430,681,,congestion_avoidance,
1934,317678.512553,76400,34,483062936,493178664,192.168.88.253,35430,1188,,congestion_avoidance,
1935,317678.516020,76416,36,483175880,493294504,192.168.88.253,35430,1138,,loss_recovery,
1936,317678.517515,76426,18,483216424,493323464,192.168.88.253,35430,882,,congestion_avoidance,
1937,317678.529690,76500,28,483574080,493697048,192.168.88.253,35430,1036,,congestion_avoidance,
1938,317678.541561,76538,36,483927392,494063392,192.168.88.253,35430,1318,,loss_recovery,
1939,317678.542561,76546,18,483966488,494082216,192.168.88.253,35430,309,,congestion_avoidance,
1940,317678.565257,76600,35,484647048,494777256,192.168.88.253,35430,1070,,congestion_avoidance,
1941,317678.566080,76608,35,484671664,494826488,192.168.88.253,35430,1291,,loss_recovery,
1942,317678.567604,76616,17,484712208,494843864,192.168.88.253,35430,381,,congestion_avoidance,
1943,317678.591581,76694,35,485423176,495592480,192.168.88.253,35430,1297,,loss_recovery,
1944,317678.592453,76700,17,485452136,495601168,192.168.88.253,35430,1901,,loss_recovery,
1945,317678.592580,76702,17,485460824,495609856,192.168.88.253,35430,262,,congestion_avoidance,
1946,317678.609467,76800,31,485961832,496132584,192.168.88.253,35430,1183,,congestion_avoidance,
1947,317678.616014,76838,26,486139936,496320824,192.168.88.253,35430,1511,,fast_retransmit,
1948,317678.616840,76843,17,486181928,496345440,192.168.88.253,35430,728,,congestion_avoidance,
1949,317678.625006,76900,25,486428088,496598840,192.168.88.253,35430,805,,congestion_avoidance,
1950,317678.644503,76989,19,487011632,497183832,192.168.88.253,35430,573,,fast_retransmit,
1951,317678.645618,76997,19,487044936,497212792,192.168.88.253,35430,667,,congestion_avoidance,
1952,317678.646390,77000,19,487063760,497224376,192.168.88.253,35430,1007,,congestion_avoidance,
1953,317678.666611,77100,35,487670472,497860048,192.168.88.253,35430,1254,,congestion_avoidance,
1954,317678.674458,77143,23,487881880,498070008,192.168.88.253,35430,1534,,fast_retransmit,
1955,317678.675023,77146,19,487925320,498093176,192.168.88.253,35430,537,,congestion_avoidance,
1956,317678.688484,77200,29,488316280,498478344,192.168.88.253,35430,1483,,congestion_avoidance,
1957,317678.706329,77265,20,488815840,499014104,192.168.88.253,35430,1839,,fast_retransmit,
1958,317678.706487,77267,20,488860728,499028584,192.168.88.253,35430,748,,congestion_avoidance,
1959,317678.717371,77300,29,489183632,499371760,192.168.88.253,35430,1363,,congestion_avoidance,
1960,317678.727228,77331,35,489479024,499667152,192.168.88.253,35430,1419,,loss_recovery,
1961,317678.728336,77335,17,489515224,499684528,192.168.88.253,35430,276,,congestion_avoidance,
1962,317678.742585,77400,28,489935144,500137752,192.168.88.253,35430,1132,,congestion_avoidance,
1963,317678.756103,77439,36,490334792,500533056,192.168.88.253,35430,1780,,loss_recovery,
1964,317678.756901,77442,18,490365200,500559120,192.168.88.253,35430,345,,congestion_avoidance,
1965,317678.778098,77500,33,490996528,501217960,192.168.88.253,35430,1165,,congestion_avoidance,
1966,317678.788873,77559,39,491309296,501548104,192.168.88.253,35430,1300,,loss_recovery,
1967,317678.789027,77560,24,491309296,501549552,192.168.88.253,35430,1441,,fast_retransmit,
1968,317678.789805,77565,19,491355632,501578512,192.168.88.253,35430,613,,congestion_avoidance,
1969,317678.795712,77600,24,491526496,501753720,192.168.88.253,35430,993,,congestion_avoidance,
1970,317678.818155,77693,39,492180992,502441520,192.168.88.253,35430,1316,,loss_recovery,
1971,317678.818285,77694,24,492180992,502442968,192.168.88.253,35430,1448,,fast_retransmit,
1972,317678.818853,77699,19,492222984,502463240,192.168.88.253,35430,506,,congestion_avoidance,
1973,317678.818976,77700,19,492224432,502476272,192.168.88.253,35430,614,,congestion_avoidance,
1974,317678.841603,77793,35,492896304,503166968,192.168.88.253,35430,1295,,loss_recovery,
1975,317678.842875,77800,17,492938296,503184344,192.168.88.253,35430,329,,congestion_avoidance,
1976,317678.868203,77900,35,493684016,503974952,192.168.88.253,35430,1455,,congestion_avoidance,
1977,317678.874371,77927,25,493862120,504144368,192.168.88.253,35430,1544,,fast_retransmit,
1978,317678.875146,77932,19,493902664,504166088,192.168.88.253,35430,667,,congestion_avoidance,
1979,317678.891079,78000,31,494371816,504642480,192.168.88.253,35430,1394,,congestion_avoidance,
1980,317678.896607,78013,35,494538336,504817688,192.168.88.253,35430,1235,,loss_recovery,
1981,317678.897533,78019,17,494573088,504842304,192.168.88.253,35430,529,,congestion_avoidance,
1982,317678.919104,78084,34,495207312,505501144,192.168.88.253,35430,1249,,loss_recovery,
1983,317678.919771,78088,17,495233376,505515624,192.168.88.253,35430,359,,congestion_avoidance,
1984,317678.921710,78100,17,495292744,505577888,192.168.88.253,35430,629,,congestion_avoidance,
1985,317678.945118,78200,36,495990680,506316368,192.168.88.253,35430,1456,,congestion_avoidance,
1986,317678.949552,78217,38,496109416,506436552,192.168.88.253,35430,1437,,loss_recovery,
1987,317678.950492,78225,19,496154304,506464064,192.168.88.253,35430,685,,congestion_avoidance,
1988,317678.968875,78300,32,496701648,507017200,192.168.88.253,35430,1104,,congestion_avoidance,
1989,317678.973024,78317,35,496821832,507173584,192.168.88.253,35430,1704,,loss_recovery,
1990,317678.974068,78322,17,496858032,507202544,192.168.88.253,35430,473,,congestion_avoidance,
1991,317678.989381,78400,28,497309808,507654320,192.168.88.253,35430,1293,,congestion_avoidance,
1992,317679.000086,78422,35,497621128,507978672,192.168.88.253,35430,1921,,loss_recovery,
1993,317679.000620,78425,17,497648640,508003288,192.168.88.253,35430,251,,congestion_avoidance,
1994,317679.023027,78500,33,498320512,508696880,192.168.88.253,35430,1253,,congestion_avoidance,
1995,317679.024862,78505,34,498363952,508746112,192.168.88.253,35430,1354,,loss_recovery,
1996,317679.025727,78509,17,498403048,508777968,192.168.88.253,35430,535,,congestion_avoidance,
1997,317679.049383,78600,34,499102432,509493280,192.168.88.253,35430,1523,,congestion_avoidance,
1998,317679.057096,78641,17,499341352,509732200,192.168.88.253,35430,751,,fast_retransmit,
1999,317679.058153,78649,19,499374656,509762608,192.168.88.253,35430,693,,congestion_avoidance,
2000,317679.072465,78700,30,499794576,510198456,192.168.88.253,35430,1490,,congestion_avoidance,
2001,317679.082030,78738,18,500085624,510482264,192.168.88.253,35430,477,,fast_retransmit,
2002,317679.083024,78747,18,500118928,510511224,192.168.88.253,35430,630,,congestion_avoidance,
2003,317679.095860,78800,29,500495408,510890600,192.168.88.253,35430,915,,congestion_avoidance,
2004,317679.107839,78845,36,500861752,511281560,192.168.88.253,35430,1467,,loss_recovery,
2005,317679.109613,78850,18,500909536,511314864,192.168.88.253,35430,552,,congestion_avoidance,
2006,317679.119810,78900,27,501213616,511637768,192.168.88.253,35430,1135,,congestion_avoidance,
2007,317679.131390,78935,34,501558240,511982392,192.168.88.253,35430,1384,,loss_recovery,
2008,317679.132880,78938,17,501603128,512028728,192.168.88.253,35430,388,,congestion_avoidance,
2009,317679.157834,79000,34,502348848,512781688,192.168.88.253,35430,1500,,congestion_avoidance,
2010,317679.162558,79012,25,502477720,512933728,192.168.88.253,35430,831,,fast_retransmit,
2011,317679.163441,79019,18,502522608,512955448,192.168.88.253,35430,717,,congestion_avoidance,
2012,317679.187032,79088,36,503226336,513708408,192.168.88.253,35430,1329,,loss_recovery,
2013,317679.189103,79092,18,503275568,513738816,192.168.88.253,35430,310,,congestion_avoidance,
2014,317679.191385,79100,18,503353760,513814112,192.168.88.253,35430,546,,congestion_avoidance,
2015,317679.214916,79164,36,504048800,514538112,192.168.88.253,35430,1660,,loss_recovery,
2016,317679.215837,79168,18,504083552,514555488,192.168.88.253,35430,394,,congestion_avoidance,
2017,317679.226259,79200,26,504394872,514881288,192.168.88.253,35430,1166,,congestion_avoidance,
2018,317679.242256,79247,36,504874160,515377952,192.168.88.253,35430,1544,,loss_recovery,
2019,317679.243536,79251,18,504910360,515405464,192.168.88.253,35430,311,,congestion_avoidance,
2020,317679.254118,79300,26,505230368,515745744,192.168.88.253,35430,825,,congestion_avoidance,
2021,317679.266590,79388,34,505599608,516129464,192.168.88.253,35430,1282,,loss_recovery,
2022,317679.267698,79394,17,505634360,516149736,192.168.88.253,35430,384,,congestion_avoidance,
2023,317679.271865,79400,19,505712552,516225032,192.168.88.253,35430,252,,congestion_avoidance,
2024,317679.300857,79500,37,506446688,516982336,192.168.88.253,35430,744,,congestion_avoidance,
2025,317679.301515,79507,37,506466960,517022880,192.168.88.253,35430,1402,,loss_recovery,
2026,317679.303006,79516,18,506506056,517043152,192.168.88.253,35430,411,,congestion_avoidance,
2027,317679.327005,79600,35,507224264,517783080,192.168.88.253,35430,1383,,congestion_avoidance,
2028,317679.327450,79601,35,507227160,517800456,192.168.88.253,35430,1607,,loss_recovery,
2029,317679.328568,79607,17,507269152,517812040,192.168.88.253,35430,249,,congestion_avoidance,
2030,317679.354229,79700,35,508038040,518601200,192.168.88.253,35430,682,,congestion_avoidance,
2031,317679.355588,79713,36,508082928,518675048,192.168.88.253,35430,1315,,loss_recovery,
2032,317679.357056,79724,18,508119128,518693872,192.168.88.253,35430,868,,congestion_avoidance,
2033,317679.366111,79800,26,508392800,518982024,192.168.88.253,35430,1232,,congestion_avoidance,
2034,317679.378727,79900,34,508763488,519361400,192.168.88.253,35430,1234,,congestion_avoidance,
2035,317679.378991,79903,34,508773624,519380224,192.168.88.253,35430,1298,,loss_recovery,
2036,317679.380037,79911,17,508805480,519399048,192.168.88.253,35430,377,,congestion_avoidance,
2037,317679.390873,80000,27,509125488,519734984,192.168.88.253,35430,995,,congestion_avoidance,
2038,317679.404687,80051,35,509532376,520159248,192.168.88.253,35430,1563,,loss_recovery,
2039,317679.405718,80060,17,509570024,520176624,192.168.88.253,35430,435,,congestion_avoidance,
2040,317679.409874,80100,20,509694552,520312736,192.168.88.253,35430,890,,congestion_avoidance,
2041,317679.421583,80200,30,510044968,520676184,192.168.88.253,35430,1293,,congestion_avoidance,
2042,317679.428893,80255,34,510252032,520896280,192.168.88.253,35430,1192,,loss_recovery,
2043,317679.429660,80261,17,510286784,520919448,192.168.88.253,35430,579,,congestion_avoidance,
2044,317679.436169,80300,21,510475024,521119272,192.168.88.253,35430,897,,congestion_avoidance,
2045,317679.454454,80400,35,511026712,521692680,192.168.88.253,35430,873,,congestion_avoidance,
2046,317679.455757,80413,35,511071600,521741912,192.168.88.253,35430,1401,,loss_recovery,
2047,317679.457295,80419,17,511110696,521760736,192.168.88.253,35430,447,,congestion_avoidance,
2048,317679.470578,80500,27,511504552,522174864,192.168.88.253,35430,1074,,congestion_avoidance,
2049,317679.483941,80572,36,511898408,522586096,192.168.88.253,35430,1450,,loss_recovery,
2050,317679.484787,80579,18,511937504,522612160,192.168.88.253,35430,677,,congestion_avoidance,
2051,317679.488888,80600,21,512057688,522729448,192.168.88.253,35430,810,,congestion_avoidance,
2052,317679.508228,80700,35,512632544,523323128,192.168.88.253,35430,1278,,congestion_avoidance,
2053,317679.509707,80711,26,512662952,523362224,192.168.88.253,35430,1370,,fast_retransmit,
2054,317679.510558,80717,18,512706392,523389736,192.168.88.253,35430,772,,congestion_avoidance,
2055,317679.524068,80800,29,513097352,523790832,192.168.88.253,35430,1260,,congestion_avoidance,
2056,317679.534943,80867,36,513437632,524148488,192.168.88.253,35430,1511,,loss_recovery,
2057,317679.536316,80875,18,513475280,524168760,192.168.88.253,35430,720,,congestion_avoidance,
2058,317679.541296,80900,22,513622976,524330936,192.168.88.253,35430,853,,congestion_avoidance,
2059,317679.560292,81000,35,514184800,524913032,192.168.88.253,35430,1308,,congestion_avoidance,
2060,317679.561057,81003,36,514202176,524930408,192.168.88.253,35430,1416,,loss_recovery,
2061,317679.562031,81010,18,514241272,524956472,192.168.88.253,35430,836,,congestion_avoidance,
2062,317679.577828,81100,30,514700288,525432864,192.168.88.253,35430,1108,,congestion_avoidance,
2063,317679.582981,81128,34,514861016,525603728,192.168.88.253,35430,1073,,loss_recovery,
2064,317679.583750,81133,17,514891424,525626896,192.168.88.253,35430,586,,congestion_avoidance,
2065,317679.594343,81200,26,515207088,525958488,192.168.88.253,35430,1261,,congestion_avoidance,
2066,317679.609208,81279,17,515653072,526400128,192.168.88.253,35430,776,,fast_retransmit,
2067,317679.610094,81286,18,515682032,526427640,192.168.88.253,35430,535,,congestion_avoidance,
2068,317679.612473,81300,20,515745744,526487008,192.168.88.253,35430,870,,congestion_avoidance,
2069,317679.636345,81400,37,516458160,527224040,192.168.88.253,35430,2003,,congestion_avoidance,
2070,317679.639546,81413,39,516549384,527328296,192.168.88.253,35430,1058,,loss_recovery,
2071,317679.639654,81414,24,516549384,527329744,192.168.88.253,35430,1201,,fast_retransmit,
2072,317679.640574,81417,19,516589928,527347120,192.168.88.253,35430,844,,congestion_avoidance,
2073,317679.662627,81500,35,517244424,528030576,192.168.88.253,35430,1856,,congestion_avoidance,
2074,317679.665438,81516,18,517334200,528105872,192.168.88.253,35430,772,,fast_retransmit,
2075,317679.666423,81523,18,517364608,528133384,192.168.88.253,35430,587,,congestion_avoidance,
2076,317679.683124,81600,32,517861272,528635840,192.168.88.253,35430,1334,,congestion_avoidance,
2077,317679.693332,81647,38,518171144,528968880,192.168.88.253,35430,1526,,loss_recovery,
2078,317679.695393,81651,19,518217480,528987704,192.168.88.253,35430,490,,congestion_avoidance,
2079,317679.706931,81700,27,518569344,529356944,192.168.88.253,35430,1230,,congestion_avoidance,
2080,317679.727770,81800,40,519189088,529994064,192.168.88.253,35430,739,,congestion_avoidance,
2081,317679.728373,81805,40,519206464,530025920,192.168.88.253,35430,1342,,loss_recovery,
2082,317679.730066,81811,20,519252800,530054880,192.168.88.253,35430,659,,congestion_avoidance,
2083,317679.750415,81892,35,519846480,530677520,192.168.88.253,35430,1131,,loss_recovery,
2084,317679.751477,81898,17,519892816,530700688,192.168.88.253,35430,402,,congestion_avoidance,
2085,317679.751893,81900,17,519904400,530712272,192.168.88.253,35430,533,,congestion_avoidance,
2086,317679.776535,82000,35,520631296,531446408,192.168.88.253,35430,1527,,congestion_avoidance,
2087,317679.781710,82023,37,520797816,531637544,192.168.88.253,35430,1274,,loss_recovery,
2088,317679.783226,82026,18,520831120,531657816,192.168.88.253,35430,396,,congestion_avoidance,
2089,317679.801565,82100,31,521379912,532216744,192.168.88.253,35430,1309,,congestion_avoidance,
2090,317679.808243,82130,36,521594216,532461456,192.168.88.253,35430,1485,,loss_recovery,
2091,317679.809906,82137,18,521640552,532478832,192.168.88.253,35430,430,,congestion_avoidance,
2092,317679.827542,82200,31,522161832,533020384,192.168.88.253,35430,1400,,congestion_avoidance,
2093,317679.833774,82222,35,522352968,533224552,192.168.88.253,35430,1227,,loss_recovery,
2094,317679.834835,82228,17,522383376,533241928,192.168.88.253,35430,400,,congestion_avoidance,
2095,317679.852502,82300,30,522906104,533782032,192.168.88.253,35430,1405,,congestion_avoidance,
2096,317679.862386,82335,37,523213080,534115072,192.168.88.253,35430,1364,,loss_recovery,
2097,317679.864156,82345,18,523257968,534149824,192.168.88.253,35430,627,,congestion_avoidance,
2098,317679.875355,82400,27,523593904,534494448,192.168.88.253,35430,698,,congestion_avoidance,
2099,317679.885339,82444,34,523886400,534801424,192.168.88.253,35430,1412,,loss_recovery,
2100,317679.886255,82452,17,523921152,534826040,192.168.88.253,35430,827,,congestion_avoidance,
2101,317679.896946,82500,27,524239712,535159080,192.168.88.253,35430,1117,,congestion_avoidance,
2102,317679.914565,82568,38,524752304,535691944,192.168.88.253,35430,1405,,loss_recovery,
2103,317679.915842,82573,19,524801536,535723800,192.168.88.253,35430,534,,congestion_avoidance,
2104,317679.921168,82600,22,524962264,535893216,192.168.88.253,35430,1019,,congestion_avoidance,
2105,317679.938150,82664,34,525458928,536407256,192.168.88.253,35430,1094,,loss_recovery,
2106,317679.939379,82669,17,525498024,536430424,192.168.88.253,35430,541,,congestion_avoidance,
2107,317679.945791,82700,21,525694952,536637488,192.168.88.253,35430,1042,,congestion_avoidance,
2108,317679.966701,82788,35,526326280,537294880,192.168.88.253,35430,1100,,loss_recovery,
2109,317679.968374,82794,17,526368272,537328184,192.168.88.253,35430,594,,congestion_avoidance,
2110,317679.969317,82800,18,526398680,537354248,192.168.88.253,35430,758,,congestion_avoidance,
2111,317679.991734,82900,35,527073448,538046392,192.168.88.253,35430,1118,,congestion_avoidance,
2112,317679.992220,82901,35,527077792,538063768,192.168.88.253,35430,1201,,loss_recovery,
2113,317679.993759,82906,17,527118336,538081144,192.168.88.253,35430,405,,congestion_avoidance,
2114,317680.018596,83000,35,527864056,538839896,192.168.88.253,35430,1706,,congestion_avoidance,
2115,317680.023044,83016,25,527982792,538978904,192.168.88.253,35430,1556,,fast_retransmit,
2116,317680.023706,83020,19,528024784,539003520,192.168.88.253,35430,564,,congestion_avoidance,
2117,317680.046385,83100,36,528698104,539721728,192.168.88.253,35430,1660,,loss_recovery,
2118,317680.047892,83107,18,528742992,539734760,192.168.88.253,35430,1643,,congestion_avoidance,
2119,317680.073749,83200,36,529510432,540519576,192.168.88.253,35430,1541,,congestion_avoidance,
2120,317680.075086,83207,37,529545184,540573152,192.168.88.253,35430,1309,,loss_recovery,
2121,317680.076118,83213,18,529594416,540599216,192.168.88.253,35430,488,,congestion_avoidance,
2122,317680.096642,83300,34,530199680,541237784,192.168.88.253,35430,1535,,congestion_avoidance,
2123,317680.102266,83325,37,530376336,541424576,192.168.88.253,35430,1404,,loss_recovery,
2124,317680.104111,83330,18,530421224,541444848,192.168.88.253,35430,405,,congestion_avoidance,
2125,317680.119237,83400,30,530874448,541918344,192.168.88.253,35430,1449,,congestion_avoidance,
2126,317680.125625,83426,34,531067032,542122512,192.168.88.253,35430,1520,,loss_recovery,
2127,317680.126703,83432,17,531106128,542139888,192.168.88.253,35430,275,,congestion_avoidance,
2128,317680.141498,83500,28,531543424,542603248,192.168.88.253,35430,1399,,congestion_avoidance,
2129,317680.156450,83548,38,531979272,543057920,192.168.88.253,35430,1555,,loss_recovery,
2130,317680.157419,83554,19,532024160,543085432,192.168.88.253,35430,553,,congestion_avoidance,
2131,317680.168921,83600,28,532355752,543431504,192.168.88.253,35430,1317,,congestion_avoidance,
2132,317680.187715,83668,20,532900200,543993328,192.168.88.253,35430,1722,,fast_retransmit,
2133,317680.188561,83671,19,532946536,544004912,192.168.88.253,35430,203,,congestion_avoidance,
2134,317680.195446,83700,23,533155048,544227904,192.168.88.253,35430,1114,,congestion_avoidance,
2135,317680.212089,83750,35,533645920,544730360,192.168.88.253,35430,1528,,loss_recovery,
2136,317680.212647,83753,17,533674880,544747736,192.168.88.253,35430,253,,congestion_avoidance,
2137,317680.224574,83800,26,534022400,545118424,192.168.88.253,35430,984,,congestion_avoidance,
2138,317680.243945,83889,38,534610288,545735272,192.168.88.253,35430,1473,,loss_recovery,
2139,317680.245698,83895,19,534656624,545755544,192.168.88.253,35430,345,,congestion_avoidance,
2140,317680.246458,83900,19,534679792,545788848,192.168.88.253,35430,275,,congestion_avoidance,
2141,317680.273922,84000,38,535505152,546612760,192.168.88.253,35430,1288,,congestion_avoidance,
2142,317680.275047,84009,39,535542800,546689504,192.168.88.253,35430,1097,,loss_recovery,
2143,317680.277315,84015,19,535596376,546709776,192.168.88.253,35430,287,,congestion_avoidance,
2144,317680.299569,84100,35,536274040,547414952,192.168.88.253,35430,858,,congestion_avoidance,
2145,317680.304742,84124,37,536420288,547582920,192.168.88.253,35430,1284,,loss_recovery,
2146,317680.306230,84129,18,536469520,547603192,192.168.88.253,35430,473,,congestion_avoidance,
2147,317680.326319,84200,33,537066096,548228728,192.168.88.253,35430,1275,,congestion_avoidance,
2148,317680.332386,84226,37,537239856,548422760,192.168.88.253,35430,1765,,loss_recovery,
2149,317680.333699,84234,18,537289088,548450272,192.168.88.253,35430,576,,congestion_avoidance,
2150,317680.349561,84300,29,537759688,548938248,192.168.88.253,35430,1360,,congestion_avoidance,
2151,317680.356284,84325,34,537956616,549154000,192.168.88.253,35430,1386,,loss_recovery,
2152,317680.357113,84332,17,537991368,549172824,192.168.88.253,35430,728,,congestion_avoidance,
2153,317680.370744,84400,27,538395360,549589848,192.168.88.253,35430,1218,,congestion_avoidance,
2154,317680.387648,84464,38,538905056,550129952,192.168.88.253,35430,1346,,loss_recovery,
2155,317680.389190,84472,19,538948496,550148776,192.168.88.253,35430,371,,congestion_avoidance,
2156,317680.395368,84500,23,539132392,550351496,192.168.88.253,35430,1030,,congestion_avoidance,
2157,317680.413054,84560,35,539656568,550891600,192.168.88.253,35430,1344,,loss_recovery,
2158,317680.414340,84564,17,539694216,550908976,192.168.88.253,35430,340,,congestion_avoidance,
2159,317680.421897,84600,23,539924448,551150792,192.168.88.253,35430,899,,congestion_avoidance,
2160,317680.439711,84682,24,540434144,551685104,192.168.88.253,35430,1627,,fast_retransmit,
2161,317680.440805,84685,17,540480480,551701032,192.168.88.253,35430,1061,,congestion_avoidance,
2162,317680.444103,84700,19,540587632,551819768,192.168.88.253,35430,864,,congestion_avoidance,
2163,317680.465495,84769,35,541220408,552467024,192.168.88.253,35430,1712,,loss_recovery,
2164,317680.466226,84773,17,541250816,552485848,192.168.88.253,35430,369,,congestion_avoidance,
2165,317680.471862,84800,21,541412992,552662504,192.168.88.253,35430,878,,congestion_avoidance,
2166,317680.492644,84876,35,542029840,553295280,192.168.88.253,35430,1680,,loss_recovery,
2167,317680.493317,84880,17,542060248,553314104,192.168.88.253,35430,370,,congestion_avoidance,
2168,317680.498025,84900,20,542200704,553474832,192.168.88.253,35430,898,,congestion_avoidance,
2169,317680.518748,84984,36,542826240,554123536,192.168.88.253,35430,1319,,loss_recovery,
2170,317680.520434,84991,18,542868232,554142360,192.168.88.253,35430,434,,congestion_avoidance,
2171,317680.522229,85000,18,542918912,554206072,192.168.88.253,35430,533,,congestion_avoidance,
2172,317680.544890,85100,35,543592232,554890976,192.168.88.253,35430,1303,,congestion_avoidance,
2173,317680.548068,85115,25,543673320,554977856,192.168.88.253,35430,1640,,fast_retransmit,
2174,317680.548609,85119,18,543713864,555002472,192.168.88.253,35430,517,,congestion_avoidance,
2175,317680.565230,85200,31,544209080,555497688,192.168.88.253,35430,1175,,congestion_avoidance,
2176,317680.577368,85243,38,544552256,555868376,192.168.88.253,35430,1556,,loss_recovery,
2177,317680.578268,85251,19,544597144,555900232,192.168.88.253,35430,675,,congestion_avoidance,
2178,317680.591360,85300,29,544976520,556282504,192.168.88.253,35430,1285,,congestion_avoidance,
2179,317680.600715,85329,26,545237160,556580792,192.168.88.253,35430,1565,,fast_retransmit,
2180,317680.601683,85333,17,545297976,556596720,192.168.88.253,35430,829,,congestion_avoidance,
2181,317680.621143,85400,33,545868488,557193296,192.168.88.253,35430,1553,,congestion_avoidance,
2182,317680.624776,85412,35,545974192,557290312,192.168.88.253,35430,1644,,loss_recovery,
2183,317680.625336,85417,17,546003152,557313480,192.168.88.253,35430,282,,congestion_avoidance,
2184,317680.646435,85500,32,546621448,557954944,192.168.88.253,35430,1126,,congestion_avoidance,
2185,317680.658854,85549,39,546993584,558328528,192.168.88.253,35430,1923,,loss_recovery,
2186,317680.659463,85552,19,547021096,558347352,192.168.88.253,35430,550,,congestion_avoidance,
2187,317680.672647,85600,28,547413504,558764376,192.168.88.253,35430,1252,,congestion_avoidance,
2188,317680.682404,85623,34,547695864,559039496,192.168.88.253,35430,1557,,loss_recovery,
2189,317680.683248,85626,17,547732064,559059768,192.168.88.253,35430,378,,congestion_avoidance,
2190,317680.704224,85700,32,548354704,559707024,192.168.88.253,35430,1348,,congestion_avoidance,
2191,317680.710651,85726,36,548555976,559931464,192.168.88.253,35430,1214,,loss_recovery,
2192,317680.712499,85730,18,548600864,559948840,192.168.88.253,35430,419,,congestion_avoidance,
2193,317680.731646,85800,32,549169928,560533832,192.168.88.253,35430,1685,,congestion_avoidance,
2194,317680.736473,85818,35,549314728,560696008,192.168.88.253,35430,1594,,loss_recovery,
2195,317680.737187,85822,17,549345136,560714832,192.168.88.253,35430,341,,congestion_avoidance,
2196,317680.754022,85900,30,549844696,561237560,192.168.88.253,35430,1192,,congestion_avoidance,
2197,317680.766935,85947,38,550216832,561629968,192.168.88.253,35430,1514,,loss_recovery,
2198,317680.767859,85953,19,550261720,561657480,192.168.88.253,35430,755,,congestion_avoidance,
2199,317680.781762,86000,30,550671504,562065816,192.168.88.253,35430,1316,,congestion_avoidance,
2200,317680.791886,86035,37,550984272,562416232,192.168.88.253,35430,1498,,loss_recovery,
2201,317680.794118,86039,18,551034952,562448088,192.168.88.253,35430,339,,congestion_avoidance,
2202,317680.809217,86100,29,551493968,562927376,192.168.88.253,35430,1249,,congestion_avoidance,
2203,317680.824491,86159,18,551954432,563383496,192.168.88.253,35430,438,,fast_retransmit,
2204,317680.825469,86166,19,551986288,563412456,192.168.88.253,35430,574,,congestion_avoidance,
2205,317680.831930,86200,25,552178872,563606488,192.168.88.253,35430,702,,congestion_avoidance,
2206,317680.852899,86281,25,552787032,564232024,192.168.88.253,35430,1287,,fast_retransmit,
2207,317680.853823,86287,19,552833368,564259536,192.168.88.253,35430,779,,congestion_avoidance,
2208,317680.856216,86300,21,552898528,564324696,192.168.88.253,35430,991,,congestion_avoidance,
2209,317680.875733,86375,35,553471936,564919824,192.168.88.253,35430,1353,,loss_recovery,
2210,317680.877148,86384,17,553526960,564944440,192.168.88.253,35430,518,,congestion_avoidance,
2211,317680.879818,86400,19,553606600,565040008,192.168.88.253,35430,609,,congestion_avoidance,
2212,317680.900712,86483,35,554223448,565685816,192.168.88.253,35430,1116,,loss_recovery,
2213,317680.901805,86489,17,554263992,565703192,192.168.88.253,35430,370,,congestion_avoidance,
2214,317680.904113,86500,17,554330600,565784280,192.168.88.253,35430,774,,congestion_avoidance,
2215,317680.927273,86600,35,555024192,566476424,192.168.88.253,35430,886,,congestion_avoidance,
2216,317680.933609,86630,39,555219672,566705208,192.168.88.253,35430,1383,,loss_recovery,
2217,317680.935686,86635,19,555264560,566725480,192.168.88.253,35430,495,,congestion_avoidance,
2218,317680.949299,86700,29,555681584,567172912,192.168.88.253,35430,915,,congestion_avoidance,
2219,317680.957233,86737,34,555914712,567397352,192.168.88.253,35430,1405,,loss_recovery,
2220,317680.957993,86741,17,555943672,567420520,192.168.88.253,35430,361,,congestion_avoidance,
2221,317680.972579,86800,28,556369384,567852024,192.168.88.253,35430,1334,,congestion_avoidance,
2222,317680.987476,86852,37,556806680,568313936,192.168.88.253,35430,1833,,loss_recovery,
2223,317680.988971,86856,18,556848672,568337104,192.168.88.253,35430,374,,congestion_avoidance,
2224,317681.001128,86900,27,557222256,568716480,192.168.88.253,35430,1043,,congestion_avoidance,
2225,317681.012471,86931,34,557553848,569058208,192.168.88.253,35430,1454,,loss_recovery,
2226,317681.013088,86934,17,557582808,569085720,192.168.88.253,35430,311,,congestion_avoidance,
2227,317681.029243,87000,29,558056304,569585280,192.168.88.253,35430,1252,,congestion_avoidance,
2228,317681.046218,87072,36,558552968,570102216,192.168.88.253,35430,1469,,fast_retransmit,
2229,317681.047653,87076,19,558616680,570131176,192.168.88.253,35430,1251,,congestion_avoidance,
2230,317681.052789,87100,24,558761480,570271632,192.168.88.253,35430,965,,congestion_avoidance,
2231,317681.069796,87156,36,559272624,570824768,192.168.88.253,35430,1777,,loss_recovery,
2232,317681.071014,87161,18,559305928,570837800,192.168.88.253,35430,1428,,congestion_avoidance,
2233,317681.079022,87200,25,559552088,571088304,192.168.88.253,35430,1125,,congestion_avoidance,
2234,317681.100935,87289,38,560200792,571765968,192.168.88.253,35430,1471,,loss_recovery,
2235,317681.102759,87296,19,560251472,571786240,192.168.88.253,35430,373,,congestion_avoidance,
2236,317681.103373,87300,19,560267400,571805064,192.168.88.253,35430,549,,congestion_avoidance,
2237,317681.121936,87400,33,560821984,572382816,192.168.88.253,35430,1226,,congestion_avoidance,
2238,317681.123942,87409,34,560875560,572450872,192.168.88.253,35430,1215,,loss_recovery,
2239,317681.124620,87414,17,560905968,572472592,192.168.88.253,35430,553,,congestion_avoidance,
2240,317681.141800,87500,31,561415664,573005456,192.168.88.253,35430,1444,,congestion_avoidance,
2241,317681.146847,87530,34,561559016,573158944,192.168.88.253,35430,1239,,loss_recovery,
2242,317681.147469,87539,17,561589424,573180664,192.168.88.253,35430,474,,congestion_avoidance,
2243,317681.155859,87600,24,561841376,573447096,192.168.88.253,35430,858,,congestion_avoidance,
2244,317681.168033,87700,33,562203376,573816336,192.168.88.253,35430,1149,,congestion_avoidance,
2245,317681.170268,87715,34,562265640,573882944,192.168.88.253,35430,1519,,loss_recovery,
2246,317681.170983,87722,17,562293152,573903216,192.168.88.253,35430,353,,congestion_avoidance,
2247,317681.180055,87800,25,562562480,574191368,192.168.88.253,35430,1110,,congestion_avoidance,
2248,317681.192121,87900,33,562921584,574566400,192.168.88.253,35430,1466,,congestion_avoidance,
2249,317681.206487,88000,40,563357432,574980528,192.168.88.253,35430,414,,congestion_avoidance,
2250,317681.208259,88018,41,563412456,575067408,192.168.88.253,35430,1525,,loss_recovery,
2251,317681.210024,88030,20,563455896,575087680,192.168.88.253,35430,636,,congestion_avoidance,
2252,317681.218345,88100,26,563702056,575342528,192.168.88.253,35430,1122,,congestion_avoidance,
2253,317681.230112,88200,34,564046680,575707424,192.168.88.253,35430,1217,,congestion_avoidance,
2254,317681.236134,88252,25,564217544,575878288,192.168.88.253,35430,1534,,fast_retransmit,
2255,317681.236807,88259,18,564260984,575902904,192.168.88.253,35430,584,,congestion_avoidance,
2256,317681.242089,88300,23,564417368,576067976,192.168.88.253,35430,892,,congestion_avoidance,
2257,317681.254029,88400,32,564773576,576434320,192.168.88.253,35430,1151,,congestion_avoidance,
2258,317681.266631,88500,39,565138472,576813696,192.168.88.253,35430,1576,,congestion_avoidance,
2259,317681.271566,88539,41,565281824,576959944,192.168.88.253,35430,1539,,loss_recovery,
2260,317681.272468,88548,20,565326712,576991800,192.168.88.253,35430,746,,congestion_avoidance,
2261,317681.289481,88600,33,565826272,577498600,192.168.88.253,35430,1292,,congestion_avoidance,
2262,317681.302275,88700,40,566211440,577893904,192.168.88.253,35430,1768,,congestion_avoidance,
2263,317681.303345,88707,41,566238952,577937344,192.168.88.253,35430,1266,,loss_recovery,
2264,317681.304845,88719,20,566285288,577972096,192.168.88.253,35430,593,,congestion_avoidance,
2265,317681.317951,88800,31,566682040,578381880,192.168.88.253,35430,1086,,congestion_avoidance,
2266,317681.333763,88865,37,567046936,578761256,192.168.88.253,35430,1124,,loss_recovery,
2267,317681.335304,88874,18,567087480,578780080,192.168.88.253,35430,377,,congestion_avoidance,
2268,317681.339767,88900,21,567217800,578920536,192.168.88.253,35430,789,,congestion_avoidance,
2269,317681.359284,88974,35,567797000,579527248,192.168.88.253,35430,1345,,loss_recovery,
2270,317681.360216,88981,17,567834648,579546072,192.168.88.253,35430,312,,congestion_avoidance,
2271,317681.364276,89000,20,567954832,579670600,192.168.88.253,35430,863,,congestion_avoidance,
2272,317681.385889,89072,36,568603536,580355504,192.168.88.253,35430,1477,,loss_recovery,
2273,317681.387486,89080,18,568646976,580374328,192.168.88.253,35430,410,,congestion_avoidance,
2274,317681.391557,89100,21,568768608,580514784,192.168.88.253,35430,791,,congestion_avoidance,
2275,317681.409510,89160,34,569301472,581056336,192.168.88.253,35430,1426,,loss_recovery,
2276,317681.410482,89163,17,569330432,581073712,192.168.88.253,35430,352,,congestion_avoidance,
2277,317681.415904,89200,21,569492608,581250368,192.168.88.253,35430,697,,congestion_avoidance,
2278,317681.429106,89300,31,569879224,581648568,192.168.88.253,35430,1335,,congestion_avoidance,
2279,317681.432708,89330,34,569990720,581773096,192.168.88.253,35430,1411,,loss_recovery,
2280,317681.433592,89340,17,570025472,581800608,192.168.88.253,35430,750,,congestion_avoidance,
2281,317681.440587,89400,24,570233984,582014912,192.168.88.253,35430,945,,congestion_avoidance,
2282,317681.452534,89500,33,570588744,582382704,192.168.88.253,35430,1481,,congestion_avoidance,
2283,317681.460207,89557,18,570820424,582602800,192.168.88.253,35430,715,,fast_retransmit,
2284,317681.461128,89564,18,570850832,582630312,192.168.88.253,35430,584,,congestion_avoidance,
2285,317681.464893,89600,21,570962328,582738912,192.168.88.253,35430,739,,congestion_avoidance,
2286,317681.479554,89700,32,571382248,583174760,192.168.88.253,35430,1476,,congestion_avoidance,
2287,317681.484273,89733,35,571535736,583336936,192.168.88.253,35430,1299,,loss_recovery,
2288,317681.485281,89739,17,571570488,583354312,192.168.88.253,35430,279,,congestion_avoidance,
2289,317681.499362,89800,28,571983168,583781472,192.168.88.253,35430,781,,congestion_avoidance,
2290,317681.513069,89852,37,572404536,584228904,192.168.88.253,35430,1353,,loss_recovery,
2291,317681.514804,89857,18,572449424,584247728,192.168.88.253,35430,398,,congestion_avoidance,
2292,317681.523160,89900,25,572695584,584518504,192.168.88.253,35430,969,,congestion_avoidance,
2293,317681.547609,89999,17,573432616,585254088,192.168.88.253,35430,789,,fast_retransmit,
2294,317681.547683,90000,15,573432616,585254088,192.168.88.253,35430,864,,fast_retransmit,
2295,317681.548522,90008,20,573464472,585281600,192.168.88.253,35430,512,,congestion_avoidance,
2296,317681.567867,90094,34,574033536,585853560,192.168.88.253,35430,1170,,loss_recovery,
2297,317681.568329,90096,17,574045120,585876728,192.168.88.253,35430,421,,congestion_avoidance,
2298,317681.569425,90100,17,574074080,585899896,192.168.88.253,35430,317,,congestion_avoidance,
2299,317681.589812,90200,32,574685136,586538464,192.168.88.253,35430,1403,,congestion_avoidance,
2300,317681.602501,90259,40,575055824,586932320,192.168.88.253,35430,1354,,loss_recovery,
2301,317681.602617,90261,21,575055824,586933768,192.168.88.253,35430,1489,,fast_retransmit,
2302,317681.603268,90264,20,575096368,586954040,192.168.88.253,35430,628,,congestion_avoidance,
2303,317681.611277,90300,27,575329496,587182824,192.168.88.253,35430,1330,,congestion_avoidance,
2304,317681.623835,90337,35,575705976,587594056,192.168.88.253,35430,1155,,loss_recovery,
2305,317681.625076,90346,17,575739280,587612880,192.168.88.253,35430,572,,congestion_avoidance,
2306,317681.630857,90400,21,575917384,587795328,192.168.88.253,35430,780,,congestion_avoidance,
2307,317681.648129,90500,34,576432872,588339776,192.168.88.253,35430,1450,,congestion_avoidance,
2308,317681.650873,90515,35,576509616,588415072,192.168.88.253,35430,1259,,loss_recovery,
2309,317681.651975,90522,17,576551608,588439688,192.168.88.253,35430,439,,congestion_avoidance,
2310,317681.665559,90600,28,576957048,588861056,192.168.88.253,35430,835,,congestion_avoidance,
2311,317681.681799,90678,38,577447920,589373648,192.168.88.253,35430,1433,,loss_recovery,
2312,317681.683327,90685,19,577489912,589395368,192.168.88.253,35430,350,,congestion_avoidance,
2313,317681.685699,90700,20,577559416,589477904,192.168.88.253,35430,755,,congestion_avoidance,
2314,317681.703588,90790,34,578086488,590025248,192.168.88.253,35430,1345,,loss_recovery,
2315,317681.704695,90797,17,578127032,590054208,192.168.88.253,35430,405,,congestion_avoidance,
2316,317681.705133,90800,17,578141512,590067240,192.168.88.253,35430,631,,congestion_avoidance,
2317,317681.723027,90900,32,578671480,590616032,192.168.88.253,35430,1391,,congestion_avoidance,
2318,317681.727771,90924,34,578806144,590763728,192.168.88.253,35430,1145,,loss_recovery,
2319,317681.728417,90929,17,578838000,590785448,192.168.88.253,35430,526,,congestion_avoidance,
2320,317681.742377,91000,28,579246336,591215504,192.168.88.253,35430,1299,,congestion_avoidance,
2321,317681.752578,91059,23,579535936,591513792,192.168.88.253,35430,1556,,fast_retransmit,
2322,317681.753231,91062,17,579577928,591531168,192.168.88.253,35430,624,,congestion_avoidance,
2323,317681.759153,91100,23,579750240,591715064,192.168.88.253,35430,1106,,congestion_avoidance,
2324,317681.778267,91200,36,580322200,592281232,192.168.88.253,35430,1544,,congestion_avoidance,
2325,317681.784338,91232,28,580494512,592475264,192.168.88.253,35430,1205,,fast_retransmit,
2326,317681.785988,91245,19,580562568,592527392,192.168.88.253,35430,688,,congestion_avoidance,
2327,317681.795882,91300,27,580846376,592814096,192.168.88.253,35430,1147,,congestion_avoidance,
2328,317681.808319,91369,36,581230096,593244152,192.168.88.253,35430,1211,,loss_recovery,
2329,317681.810218,91376,18,581264848,593251392,192.168.88.253,35430,1943,,congestion_avoidance,
2330,317681.813792,91400,20,581385032,593370128,192.168.88.253,35430,673,,congestion_avoidance,
2331,317681.831902,91497,34,581919344,593929056,192.168.88.253,35430,1087,,loss_recovery,
2332,317681.832175,91500,17,581936720,593937744,192.168.88.253,35430,1149,,loss_recovery,
2333,317681.832512,91503,17,581949752,593949328,192.168.88.253,35430,564,,congestion_avoidance,
2334,317681.849381,91600,31,582446416,594457576,192.168.88.253,35430,1263,,congestion_avoidance,
2335,317681.854660,91626,34,582599904,594632784,192.168.88.253,35430,1524,,loss_recovery,
2336,317681.855499,91634,17,582636104,594661744,192.168.88.253,35430,742,,congestion_avoidance,
2337,317681.868211,91700,27,583012584,595033880,192.168.88.253,35430,1109,,congestion_avoidance,
2338,317681.886357,91786,24,583545448,595597152,192.168.88.253,35430,1022,,fast_retransmit,
2339,317681.887455,91793,19,583590336,595623216,192.168.88.253,35430,743,,congestion_avoidance,
2340,317681.888482,91800,20,583622192,595652176,192.168.88.253,35430,833,,congestion_avoidance,
2341,317681.909160,91900,35,584224560,596271920,192.168.88.253,35430,1249,,congestion_avoidance,
2342,317681.912905,91917,25,584330264,596380520,192.168.88.253,35430,1454,,fast_retransmit,
2343,317681.913714,91922,18,584372256,596408032,192.168.88.253,35430,618,,congestion_avoidance,
2344,317681.928889,92000,30,584821136,596861256,192.168.88.253,35430,1349,,congestion_avoidance,
2345,317681.936398,92028,35,585045576,597103072,192.168.88.253,35430,1125,,loss_recovery,
2346,317681.937891,92033,17,585087568,597117552,192.168.88.253,35430,374,,congestion_avoidance,
2347,317681.949661,92100,26,585445224,597502720,192.168.88.253,35430,1229,,congestion_avoidance,
2348,317681.967361,92164,37,585978088,598057304,192.168.88.253,35430,1363,,loss_recovery,
2349,317681.968864,92171,18,586021528,598079024,192.168.88.253,35430,496,,congestion_avoidance,
2350,317681.975048,92200,23,586203976,598283192,192.168.88.253,35430,1031,,congestion_avoidance,
2351,317681.990078,92256,34,586645616,598739312,192.168.88.253,35430,1363,,loss_recovery,
2352,317681.991066,92263,17,586683264,598763928,192.168.88.253,35430,756,,congestion_avoidance,
2353,317681.998515,92300,23,586907704,598999952,192.168.88.253,35430,993,,congestion_avoidance,
2354,317682.021880,92392,38,587607088,599718160,192.168.88.253,35430,1234,,loss_recovery,
2355,317682.023431,92396,19,587651976,599739880,192.168.88.253,35430,374,,congestion_avoidance,
2356,317682.024837,92400,19,587695416,599796352,192.168.88.253,35430,405,,congestion_avoidance,
2357,317682.049010,92492,36,588412176,600540624,192.168.88.253,35430,1870,,loss_recovery,
2358,317682.050184,92496,18,588452720,600571032,192.168.88.253,35430,452,,congestion_avoidance,
2359,317682.051221,92500,19,588478784,600597096,192.168.88.253,35430,657,,congestion_avoidance,
2360,317682.071374,92588,34,589081152,601225528,192.168.88.253,35430,1588,,loss_recovery,
2361,317682.072497,92593,17,589115904,601255936,192.168.88.253,35430,523,,congestion_avoidance,
2362,317682.073910,92600,17,589163688,601287792,192.168.88.253,35430,291,,congestion_avoidance,
2363,317682.097436,92700,35,589868864,602021928,192.168.88.253,35430,1231,,congestion_avoidance,
2364,317682.099253,92709,36,589910856,602074056,192.168.88.253,35430,1697,,loss_recovery,
2365,317682.100349,92713,18,589945608,602105912,192.168.88.253,35430,290,,congestion_avoidance,
2366,317682.123644,92800,35,590652232,602825568,192.168.88.253,35430,786,,congestion_avoidance,
2367,317682.125497,92816,36,590707256,602899416,192.168.88.253,35430,1645,,loss_recovery,
2368,317682.127320,92821,18,590756488,602929824,192.168.88.253,35430,318,,congestion_avoidance,
2369,317682.146697,92900,32,591328448,603519160,192.168.88.253,35430,1444,,congestion_avoidance,
2370,317682.149164,92904,34,591405192,603585768,192.168.88.253,35430,1314,,loss_recovery,
2371,317682.149869,92906,17,591425464,603606040,192.168.88.253,35430,376,,congestion_avoidance,
2372,317682.178932,93000,37,592302952,604519728,192.168.88.253,35430,1555,,congestion_avoidance,
2373,317682.184199,93015,39,592447752,604663080,192.168.88.253,35430,1960,,loss_recovery,
2374,317682.184970,93018,19,592482504,604690592,192.168.88.253,35430,345,,congestion_avoidance,
2375,317682.206952,93068,34,593129760,605359568,192.168.88.253,35430,1515,,loss_recovery,
2376,317682.208079,93071,17,593171752,605382736,192.168.88.253,35430,336,,congestion_avoidance,
2377,317682.218269,93100,24,593467144,605704192,192.168.88.253,35430,1026,,congestion_avoidance,
2378,317682.236500,93150,36,594020280,606271808,192.168.88.253,35430,1240,,loss_recovery,
2379,317682.237978,93154,18,594060824,606303664,192.168.88.253,35430,397,,congestion_avoidance,
2380,317682.249002,93200,27,594393864,606642496,192.168.88.253,35430,1032,,congestion_avoidance,
2381,317682.267736,93258,38,594939760,607202872,192.168.88.253,35430,2167,,loss_recovery,
2382,317682.268411,93261,19,594973064,607234728,192.168.88.253,35430,251,,congestion_avoidance,
2383,317682.283592,93300,29,595421944,607695192,192.168.88.253,35430,1220,,congestion_avoidance,
2384,317682.294903,93328,36,595763672,608051400,192.168.88.253,35430,1342,,loss_recovery,
2385,317682.296272,93331,18,595802768,608081808,192.168.88.253,35430,334,,congestion_avoidance,
2386,317682.320941,93400,36,596549936,608859384,192.168.88.253,35430,1002,,congestion_avoidance,
2387,317682.321885,93403,36,596573104,608879656,192.168.88.253,35430,1294,,loss_recovery,
2388,317682.323573,93406,18,596613648,608912960,192.168.88.253,35430,402,,congestion_avoidance,
2389,317682.351131,93473,23,597430320,609758592,192.168.88.253,35430,1122,,fast_retransmit,
2390,317682.351933,93479,18,597475208,609784656,192.168.88.253,35430,684,,congestion_avoidance,
2391,317682.357858,93500,23,597647520,609951176,192.168.88.253,35430,1081,,congestion_avoidance,
2392,317682.377423,93553,33,598216584,610560784,192.168.88.253,35430,1354,,fast_retransmit,
2393,317682.378963,93558,18,598278848,610581056,192.168.88.253,35430,1335,,congestion_avoidance,
2394,317682.387606,93600,25,598533696,610853280,192.168.88.253,35430,1094,,congestion_avoidance,
2395,317682.407553,93675,19,599111448,611441168,192.168.88.253,35430,1227,,fast_retransmit,
2396,317682.408186,93680,19,599153440,611468680,192.168.88.253,35430,571,,congestion_avoidance,
2397,317682.413313,93700,24,599306928,611617824,192.168.88.253,35430,921,,congestion_avoidance,
2398,317682.435936,93775,38,599986040,612328792,192.168.88.253,35430,1171,,loss_recovery,
2399,317682.437798,93783,19,600036720,612362096,192.168.88.253,35430,372,,congestion_avoidance,
2400,317682.441485,93800,21,600142424,612472144,192.168.88.253,35430,838,,congestion_avoidance,
2401,317682.460479,93856,34,600702800,613042656,192.168.88.253,35430,1496,,loss_recovery,
2402,317682.461442,93860,17,600743344,613065824,192.168.88.253,35430,434,,congestion_avoidance,
2403,317682.471451,93900,25,601038736,613393072,192.168.88.253,35430,1226,,congestion_avoidance,
2404,317682.492281,93975,37,601668616,614043224,192.168.88.253,35430,1456,,loss_recovery,
2405,317682.494251,93979,18,601713504,614063496,192.168.88.253,35430,416,,congestion_avoidance,
2406,317682.498933,94000,21,601864096,614234360,192.168.88.253,35430,815,,congestion_avoidance,
2407,317682.520402,94068,36,602493976,614883064,192.168.88.253,35430,1630,,loss_recovery,
2408,317682.521607,94075,18,602540312,614910576,192.168.88.253,35430,515,,congestion_avoidance,
2409,317682.527526,94100,22,602711176,615091576,192.168.88.253,35430,833,,congestion_avoidance,
2410,317682.548578,94181,37,603349744,615762000,192.168.88.253,35430,1419,,loss_recovery,
2411,317682.550430,94185,18,603393184,615783720,192.168.88.253,35430,405,,congestion_avoidance,
2412,317682.553202,94200,19,603484408,615876392,192.168.88.253,35430,760,,congestion_avoidance,
2413,317682.578181,94293,22,604217096,616640936,192.168.88.253,35430,1067,,fast_retransmit,
2414,317682.579216,94296,18,604259088,616655416,192.168.88.253,35430,988,,congestion_avoidance,
2415,317682.579944,94300,18,604276464,616677136,192.168.88.253,35430,707,,congestion_avoidance,
2416,317682.603332,94398,36,604978744,617401136,192.168.88.253,35430,1517,,loss_recovery,
2417,317682.604147,94400,18,605000464,617414168,192.168.88.253,35430,2051,,loss_recovery,
2418,317682.604403,94402,18,605013496,617418512,192.168.88.253,35430,391,,congestion_avoidance,
2419,317682.628837,94500,36,605749080,618188848,192.168.88.253,35430,1156,,congestion_avoidance,
2420,317682.631922,94515,37,605840304,618291656,192.168.88.253,35430,1546,,loss_recovery,
2421,317682.633869,94519,18,605883744,618311928,192.168.88.253,35430,491,,congestion_avoidance,
2422,317682.651843,94600,31,606422400,618870856,192.168.88.253,35430,1138,,congestion_avoidance,
2423,317682.662154,94654,17,606743856,619192312,192.168.88.253,35430,645,,fast_retransmit,
2424,317682.663181,94661,19,606774264,619221272,192.168.88.253,35430,581,,congestion_avoidance,
2425,317682.671551,94700,26,607013184,619457296,192.168.88.253,35430,1050,,congestion_avoidance,
2426,317682.692967,94789,19,607641616,620107448,192.168.88.253,35430,1245,,fast_retransmit,
2427,317682.693905,94795,19,607687952,620136408,192.168.88.253,35430,873,,congestion_avoidance,
2428,317682.695399,94800,20,607727048,620174056,192.168.88.253,35430,932,,congestion_avoidance,
2429,317682.721882,94896,38,608514760,620973352,192.168.88.253,35430,1913,,loss_recovery,
2430,317682.722409,94899,19,608537928,620992176,192.168.88.253,35430,483,,congestion_avoidance,
2431,317682.722489,94900,19,608546616,621005208,192.168.88.253,35430,287,,congestion_avoidance,
2432,317682.749949,94991,18,609322744,621808848,192.168.88.253,35430,1941,,fast_retransmit,
2433,317682.750238,94993,18,609367632,621833464,192.168.88.253,35430,260,,congestion_avoidance,
2434,317682.751991,95000,19,609419760,621885592,192.168.88.253,35430,391,,congestion_avoidance,
2435,317682.777631,95095,37,610195888,622693576,192.168.88.253,35430,1457,,loss_recovery,
2436,317682.779259,95100,18,610233536,622712400,192.168.88.253,35430,409,,loss_recovery,
2437,317682.779300,95101,18,610237880,622712400,192.168.88.253,35430,438,,congestion_avoidance,
2438,317682.798478,95200,32,610804048,623297392,192.168.88.253,35430,1485,,congestion_avoidance,
2439,317682.803198,95225,35,610941608,623452328,192.168.88.253,35430,1449,,loss_recovery,
2440,317682.804107,95231,17,610986496,623475496,192.168.88.253,35430,325,,congestion_avoidance,
2441,317682.820625,95300,30,611468680,623986640,192.168.88.253,35430,1002,,congestion_avoidance,
2442,317682.833869,95345,38,611858192,624384840,192.168.88.253,35430,1385,,loss_recovery,
2443,317682.834773,95352,19,611900184,624412352,192.168.88.253,35430,817,,congestion_avoidance,
2444,317682.848082,95400,29,612294040,624807656,192.168.88.253,35430,1269,,congestion_avoidance,
2445,317682.861058,95445,37,612689344,625234816,192.168.88.253,35430,1505,,loss_recovery,
2446,317682.863090,95449,18,612732784,625255088,192.168.88.253,35430,452,,congestion_avoidance,
2447,317682.877468,95500,29,613170080,625712656,192.168.88.253,35430,1334,,congestion_avoidance,
2448,317682.886910,95533,35,613446648,625999360,192.168.88.253,35430,1574,,loss_recovery,
2449,317682.887721,95537,17,613478504,626016736,192.168.88.253,35430,380,,congestion_avoidance,
2450,317682.903930,95600,29,613957792,626517744,192.168.88.253,35430,1210,,congestion_avoidance,
2451,317682.919330,95655,38,614429840,627014408,192.168.88.253,35430,1417,,loss_recovery,
2452,317682.921497,95660,19,614481968,627046264,192.168.88.253,35430,322,,congestion_avoidance,
2453,317682.931345,95700,26,614778808,627356136,192.168.88.253,35430,1010,,congestion_avoidance,
2454,317682.948461,95764,37,615282712,627883208,192.168.88.253,35430,1229,,loss_recovery,
2455,317682.949418,95769,18,615323256,627900584,192.168.88.253,35430,735,,congestion_avoidance,
2456,317682.956101,95800,23,615524528,628125024,192.168.88.253,35430,1066,,congestion_avoidance,
2457,317682.981173,95891,18,616273144,628872192,192.168.88.253,35430,433,,fast_retransmit,
2458,317682.982356,95898,20,616310792,628901152,192.168.88.253,35430,792,,congestion_avoidance,
2459,317682.982776,95900,20,616322376,628911288,192.168.88.253,35430,907,,congestion_avoidance,
2460,317683.009010,95995,38,617110088,629732304,192.168.88.253,35430,1535,,loss_recovery,
2461,317683.010340,96000,19,617140496,629743888,192.168.88.253,35430,1824,,loss_recovery,
2462,317683.010623,96002,19,617152080,629752576,192.168.88.253,35430,455,,congestion_avoidance,
2463,317683.032408,96095,34,617799336,630443272,192.168.88.253,35430,1016,,loss_recovery,
2464,317683.033540,96100,17,617836984,630453408,192.168.88.253,35430,1316,,congestion_avoidance,
2465,317683.060565,96196,37,618649312,631329448,192.168.88.253,35430,973,,loss_recovery,
2466,317683.061098,96200,25,618666688,631329448,192.168.88.253,35430,1505,,loss_recovery,
2467,317683.062466,96204,18,618685512,631336688,192.168.88.253,35430,1941,,congestion_avoidance,
2468,317683.087420,96300,35,619452952,632115712,192.168.88.253,35430,719,,congestion_avoidance,
2469,317683.088139,96306,36,619473224,632153360,192.168.88.253,35430,1437,,loss_recovery,
2470,317683.089926,96310,18,619521008,632186664,192.168.88.253,35430,430,,congestion_avoidance,
2471,317683.111538,96383,34,620163920,632855640,192.168.88.253,35430,1033,,loss_recovery,
2472,317683.112645,96389,17,620205912,632880256,192.168.88.253,35430,240,,congestion_avoidance,
2473,317683.115038,96400,19,620269624,632948312,192.168.88.253,35430,771,,congestion_avoidance,
2474,317683.136457,96481,17,620879232,633585432,192.168.88.253,35430,1579,,fast_retransmit,
2475,317683.136755,96484,17,620925568,633605704,192.168.88.253,35430,254,,congestion_avoidance,
2476,317683.140614,96500,18,621037064,633720096,192.168.88.253,35430,833,,congestion_avoidance,
2477,317683.165795,96600,37,621785680,634483192,192.168.88.253,35430,1340,,congestion_avoidance,
2478,317683.167190,96610,38,621823328,634538216,192.168.88.253,35430,1326,,loss_recovery,
2479,317683.168109,96621,19,621862424,634565728,192.168.88.253,35430,802,,congestion_avoidance,
2480,317683.190608,96686,35,622528504,635260768,192.168.88.253,35430,1283,,loss_recovery,
2481,317683.191643,96695,17,622564704,635279592,192.168.88.253,35430,324,,congestion_avoidance,
2482,317683.192283,96700,17,622577736,635291176,192.168.88.253,35430,311,,congestion_avoidance,
2483,317683.204639,96800,28,622944080,635677792,192.168.88.253,35430,1023,,congestion_avoidance,
2484,317683.217438,96868,36,623335040,636090472,192.168.88.253,35430,1180,,loss_recovery,
2485,317683.218919,96876,18,623375584,636109296,192.168.88.253,35430,396,,congestion_avoidance,
2486,317683.222354,96900,21,623479840,636229480,192.168.88.253,35430,862,,congestion_avoidance,
2487,317683.240456,97000,34,624027184,636794200,192.168.88.253,35430,967,,congestion_avoidance,
2488,317683.254698,97092,42,624434072,637212672,192.168.88.253,35430,1512,,loss_recovery,
2489,317683.255700,97100,21,624477512,637243080,192.168.88.253,35430,868,,congestion_avoidance,
2490,317683.272715,97200,33,624971280,637757120,192.168.88.253,35430,1238,,congestion_avoidance,
2491,317683.278116,97230,37,625137800,637933776,192.168.88.253,35430,1221,,loss_recovery,
2492,317683.279236,97238,18,625184136,637948256,192.168.88.253,35430,314,,congestion_avoidance,
2493,317683.287045,97300,25,625412920,638204552,192.168.88.253,35430,1149,,congestion_avoidance,
2494,317683.303871,97400,36,625909584,638717144,192.168.88.253,35430,1454,,congestion_avoidance,
2495,317683.308211,97427,18,626048592,638838776,192.168.88.253,35430,728,,fast_retransmit,
2496,317683.309213,97435,19,626081896,638869184,192.168.88.253,35430,576,,congestion_avoidance,
2497,317683.319841,97500,28,626391768,639192088,192.168.88.253,35430,937,,congestion_avoidance,
2498,317683.328706,97550,34,626652408,639458520,192.168.88.253,35430,1312,,loss_recovery,
2499,317683.329547,97558,17,626687160,639487480,192.168.88.253,35430,754,,congestion_avoidance,
2500,317683.336189,97600,23,626882640,639690200,192.168.88.253,35430,860,,congestion_avoidance,
2501,317683.363474,97700,34,627369168,640173832,192.168.88.253,35430,1631,,congestion_avoidance,
2502,317683.365631,97714,25,627416952,640237544,192.168.88.253,35430,1522,,fast_retransmit,
2503,317683.366316,97719,17,627458944,640254920,192.168.88.253,35430,627,,congestion_avoidance,
2504,317683.388797,97800,29,627952712,640770408,192.168.88.253,35430,831,,congestion_avoidance,
2505,317683.405091,97886,39,628423312,641254040,192.168.88.253,35430,1687,,loss_recovery,
2506,317683.406036,97893,19,628459512,641274312,192.168.88.253,35430,489,,congestion_avoidance,
2507,317683.407209,97900,20,628492816,641316304,192.168.88.253,35430,531,,congestion_avoidance,
2508,317683.432173,98000,33,629080704,641923016,192.168.88.253,35430,692,,congestion_avoidance,
2509,317683.439105,98036,37,629293560,642141664,192.168.88.253,35430,1369,,loss_recovery,
2510,317683.440134,98045,18,629335552,642157592,192.168.88.253,35430,379,,congestion_avoidance,
2511,317683.447974,98100,25,629567232,642416784,192.168.88.253,35430,1194,,congestion_avoidance,
2512,317683.462413,98196,34,629984256,642846840,192.168.88.253,35430,1334,,loss_recovery,
2513,317683.462679,98200,17,630007424,642858424,192.168.88.253,35430,1351,,loss_recovery,
2514,317683.463046,98203,17,630019008,642867112,192.168.88.253,35430,452,,congestion_avoidance,
2515,317683.483986,98300,32,630635856,643504232,192.168.88.253,35430,1436,,congestion_avoidance,
2516,317683.491282,98355,36,630867536,643754736,192.168.88.253,35430,1503,,loss_recovery,
2517,317683.492816,98368,18,630906632,643772112,192.168.88.253,35430,375,,congestion_avoidance,
2518,317683.497560,98400,22,631045640,643916912,192.168.88.253,35430,998,,congestion_avoidance,
2519,317683.510207,98500,32,631425016,644315112,192.168.88.253,35430,1144,,congestion_avoidance,
2520,317683.516555,98544,35,631613256,644517832,192.168.88.253,35430,1858,,loss_recovery,
2521,317683.517795,98553,17,631652352,644545344,192.168.88.253,35430,915,,congestion_avoidance,
2522,317683.526728,98600,25,631917336,644813224,192.168.88.253,35430,980,,congestion_avoidance,
2523,317683.541826,98687,35,632364768,645304096,192.168.88.253,35430,1750,,loss_recovery,
2524,317683.543057,98695,17,632400968,645309888,192.168.88.253,35430,1307,,congestion_avoidance,
2525,317683.543216,98700,17,632416896,645318576,192.168.88.253,35430,753,,congestion_avoidance,
2526,317683.562252,98800,32,632974376,645890536,192.168.88.253,35430,1823,,congestion_avoidance,
2527,317683.575137,98900,40,633356648,646284392,192.168.88.253,35430,1415,,congestion_avoidance,
2528,317683.578640,98927,42,633458008,646408920,192.168.88.253,35430,1417,,loss_recovery,
2529,317683.579720,98941,21,633501448,646439328,192.168.88.253,35430,920,,congestion_avoidance,
2530,317683.592546,99000,31,633883720,646818704,192.168.88.253,35430,1393,,congestion_avoidance,
2531,317683.599611,99026,35,634105264,647067760,192.168.88.253,35430,1411,,loss_recovery,
2532,317683.601179,99037,17,634145808,647085136,192.168.88.253,35430,442,,congestion_avoidance,
2533,317683.608273,99100,22,634354320,647311024,192.168.88.253,35430,790,,congestion_avoidance,
2534,317683.627312,99199,36,634927728,647897464,192.168.88.253,35430,1391,,loss_recovery,
2535,317683.627944,99200,18,634932072,647897464,192.168.88.253,35430,1779,,loss_recovery,
2536,317683.628276,99204,18,634958136,647916288,192.168.88.253,35430,294,,congestion_avoidance,
2537,317683.652522,99271,35,635674896,648662008,192.168.88.253,35430,1486,,loss_recovery,
2538,317683.653557,99274,17,635706752,648679384,192.168.88.253,35430,384,,congestion_avoidance,
2539,317683.659888,99300,21,635899336,648890792,192.168.88.253,35430,807,,congestion_avoidance,
2540,317683.681506,99400,37,636546592,649553976,192.168.88.253,35430,1429,,congestion_avoidance,
2541,317683.689271,99432,41,636768136,649782760,192.168.88.253,35430,1571,,loss_recovery,
2542,317683.690242,99438,20,636807232,649811720,192.168.88.253,35430,796,,congestion_avoidance,
2543,317683.706062,99500,32,637274936,650299696,192.168.88.253,35430,1388,,congestion_avoidance,
2544,317683.712001,99528,26,637441456,650469112,192.168.88.253,35430,1359,,fast_retransmit,
2545,317683.712827,99533,18,637483448,650487936,192.168.88.253,35430,798,,congestion_avoidance,
2546,317683.726821,99600,30,637901920,650919440,192.168.88.253,35430,1115,,congestion_avoidance,
2547,317683.739792,99658,20,638272608,651301712,192.168.88.253,35430,1272,,fast_retransmit,
2548,317683.740698,99662,19,638314600,651319088,192.168.88.253,35430,877,,congestion_avoidance,
2549,317683.748095,99700,26,638539040,651562352,192.168.88.253,35430,1076,,congestion_avoidance,
2550,317683.768795,99784,38,639145752,652170512,192.168.88.253,35430,1789,,loss_recovery,
2551,317683.769505,99787,19,639173264,652198024,192.168.88.253,35430,663,,congestion_avoidance,
2552,317683.772369,99800,21,639257248,652287800,192.168.88.253,35430,821,,congestion_avoidance,
2553,317683.794021,99875,36,639903056,652969808,192.168.88.253,35430,1777,,loss_recovery,
2554,317683.795105,99881,18,639939256,652995872,192.168.88.253,35430,481,,congestion_avoidance,
2555,317683.799148,99900,22,640062336,653136328,192.168.88.253,35430,1023,,congestion_avoidance,
2556,317683.815385,99965,34,640538728,653624304,192.168.88.253,35430,1088,,loss_recovery,
2557,317683.816673,99970,17,640580720,653650368,192.168.88.253,35430,290,,congestion_avoidance,
2558,317683.823092,100000,21,640777648,653860328,192.168.88.253,35430,751,,congestion_avoidance,
2559,317683.845734,100073,37,641446624,654540888,192.168.88.253,35430,1572,,loss_recovery,
2560,317683.846530,100078,18,641478480,654558264,192.168.88.253,35430,384,,congestion_avoidance,
2561,317683.850979,100100,20,641605904,654700168,192.168.88.253,35430,766,,congestion_avoidance,
2562,317683.874791,100191,37,642327008,655454576,192.168.88.253,35430,1504,,loss_recovery,
2563,317683.876763,100196,18,642373344,655476296,192.168.88.253,35430,254,,congestion_avoidance,
2564,317683.877598,100200,18,642397960,655509600,192.168.88.253,35430,240,,congestion_avoidance,
2565,317683.903485,100300,37,643187120,656329168,192.168.88.253,35430,809,,congestion_avoidance,
2566,317683.904349,100304,37,643204496,656349440,192.168.88.253,35430,1142,,loss_recovery,
2567,317683.906117,100308,18,643252280,656382744,192.168.88.253,35430,374,,congestion_avoidance,
2568,317683.928885,100378,35,643942976,657109640,192.168.88.253,35430,1098,,loss_recovery,
2569,317683.930727,100382,17,643992208,657138600,192.168.88.253,35430,359,,congestion_avoidance,
2570,317683.935448,100400,20,644137008,657297880,192.168.88.253,35430,814,,congestion_avoidance,
2571,317683.962333,100484,38,644942096,658129032,192.168.88.253,35430,1636,,loss_recovery,
2572,317683.964384,100488,19,644994224,658160888,192.168.88.253,35430,336,,congestion_avoidance,
2573,317683.968183,100500,19,645115856,658282520,192.168.88.253,35430,840,,congestion_avoidance,
2574,317683.993291,100568,23,645845648,659042720,192.168.88.253,35430,1574,,fast_retransmit,
2575,317683.994055,100572,19,645891984,659061544,192.168.88.253,35430,651,,congestion_avoidance,
2576,317684.000695,100600,24,646084568,659255576,192.168.88.253,35430,1107,,congestion_avoidance,
2577,317684.026723,100691,36,646844768,660060664,192.168.88.253,35430,1378,,fast_retransmit,
2578,317684.028167,100697,20,646908480,660091072,192.168.88.253,35430,1102,,congestion_avoidance,
2579,317684.028576,100700,20,646922960,660104104,192.168.88.253,35430,645,,congestion_avoidance,
2580,317684.048063,100770,35,647493472,660699232,192.168.88.253,35430,1012,,loss_recovery,
2581,317684.049253,100777,17,647539808,660728192,192.168.88.253,35430,249,,congestion_avoidance,
2582,317684.053989,100800,20,647677368,660868648,192.168.88.253,35430,823,,congestion_avoidance,
2583,317684.074694,100884,36,648301456,661528936,192.168.88.253,35430,1407,,loss_recovery,
2584,317684.076775,100890,18,648347792,661546312,192.168.88.253,35430,420,,congestion_avoidance,
2585,317684.078205,100900,18,648402816,661610024,192.168.88.253,35430,335,,congestion_avoidance,
2586,317684.101855,101000,36,649105096,662336920,192.168.88.253,35430,1650,,congestion_avoidance,
2587,317684.102358,101001,36,649119576,662351400,192.168.88.253,35430,1028,,loss_recovery,
2588,317684.103371,101007,18,649154328,662377464,192.168.88.253,35430,424,,congestion_avoidance,
2589,317684.129670,101098,19,649918872,663169520,192.168.88.253,35430,799,,fast_retransmit,
2590,317684.129923,101100,18,649918872,663182552,192.168.88.253,35430,1061,,fast_retransmit,
2591,317684.130579,101103,18,649968104,663195584,192.168.88.253,35430,880,,congestion_avoidance,
2592,317684.153405,101180,35,650639976,663879040,192.168.88.253,35430,1552,,loss_recovery,
2593,317684.153995,101183,17,650668936,663906552,192.168.88.253,35430,267,,congestion_avoidance,
2594,317684.159278,101200,19,650818080,664057144,192.168.88.253,35430,748,,congestion_avoidance,
2595,317684.179745,101300,34,651442168,664714536,192.168.88.253,35430,1020,,congestion_avoidance,
2596,317684.187305,101343,38,651668056,664947664,192.168.88.253,35430,1304,,loss_recovery,
2597,317684.189147,101351,19,651712944,664969384,192.168.88.253,35430,462,,congestion_avoidance,
2598,317684.196375,101400,24,651930144,665199616,192.168.88.253,35430,1030,,congestion_avoidance,
2599,317684.213932,101500,36,652454320,665733928,192.168.88.253,35430,1413,,congestion_avoidance,
2600,317684.231774,101581,19,652791704,666069864,192.168.88.253,35430,1196,,fast_retransmit,
2601,317684.232879,101587,20,652825008,666091584,192.168.88.253,35430,661,,congestion_avoidance,
2602,317684.234292,101600,21,652871344,666143712,192.168.88.253,35430,847,,congestion_avoidance,
2603,317684.246908,101700,31,653237688,666514400,192.168.88.253,35430,1214,,congestion_avoidance,
2604,317684.259723,101800,39,653618512,666918392,192.168.88.253,35430,1620,,congestion_avoidance,
2605,317684.266544,101852,42,653815440,667125456,192.168.88.253,35430,1337,,loss_recovery,
2606,317684.266676,101853,23,653815440,667126904,192.168.88.253,35430,1487,,fast_retransmit,
2607,317684.267642,101862,21,653858880,667163104,192.168.88.253,35430,630,,congestion_avoidance,
2608,317684.271921,101900,24,653993544,667294872,192.168.88.253,35430,1174,,congestion_avoidance,
2609,317684.285124,102000,34,654378712,667693072,192.168.88.253,35430,1289,,congestion_avoidance,
2610,317684.286031,102008,34,654410568,667732168,192.168.88.253,35430,1414,,loss_recovery,
2611,317684.287133,102018,17,654445320,667750992,192.168.88.253,35430,495,,congestion_avoidance,
2612,317684.297229,102100,25,654743608,668063760,192.168.88.253,35430,1016,,congestion_avoidance,
2613,317684.309399,102200,34,655105608,668446032,192.168.88.253,35430,1277,,loss_recovery,
2614,317684.310292,102211,17,655141808,668474992,192.168.88.253,35430,785,,congestion_avoidance,
2615,317684.321949,102300,28,655489328,668831200,192.168.88.253,35430,1220,,congestion_avoidance,
2616,317684.331279,102371,34,655760104,669117904,192.168.88.253,35430,1551,,loss_recovery,
2617,317684.332086,102380,17,655794856,669136728,192.168.88.253,35430,724,,congestion_avoidance,
2618,317684.334600,102400,18,655868704,669214920,192.168.88.253,35430,672,,congestion_avoidance,
2619,317684.346907,102500,29,656230704,669600088,192.168.88.253,35430,1320,,congestion_avoidance,
2620,317684.358692,102600,36,656585464,669966432,192.168.88.253,35430,1368,,congestion_avoidance,
2621,317684.363671,102638,39,656724472,670108336,192.168.88.253,35430,1420,,loss_recovery,
2622,317684.364770,102650,19,656766464,670127160,192.168.88.253,35430,504,,congestion_avoidance,
2623,317684.371103,102700,23,656938776,670305264,192.168.88.253,35430,333,,congestion_avoidance,
2624,317684.390828,102800,36,657532456,670906184,192.168.88.253,35430,486,,congestion_avoidance,
2625,317684.400602,102880,41,657804680,671211712,192.168.88.253,35430,1564,,loss_recovery,
2626,317684.401586,102892,20,657849568,671240672,192.168.88.253,35430,802,,congestion_avoidance,
2627,317684.402547,102900,21,657878528,671266736,192.168.88.253,35430,712,,congestion_avoidance,
2628,317684.421528,102988,35,658450488,671870552,192.168.88.253,35430,1262,,loss_recovery,
2629,317684.423014,102998,17,658488136,671887928,192.168.88.253,35430,361,,congestion_avoidance,
2630,317684.423244,103000,17,658496824,671887928,192.168.88.253,35430,375,,congestion_avoidance,
2631,317684.449166,103100,36,659272952,672695912,192.168.88.253,35430,1359,,congestion_avoidance,
2632,317684.449676,103101,36,659277296,672713288,192.168.88.253,35430,1607,,loss_recovery,
2633,317684.450613,103111,18,659313496,672730664,192.168.88.253,35430,350,,congestion_avoidance,
2634,317684.461004,103200,27,659623368,673065152,192.168.88.253,35430,1062,,congestion_avoidance,
2635,317684.475553,103283,24,660041840,673489416,192.168.88.253,35430,1358,,fast_retransmit,
2636,317684.476324,103287,18,660086728,673508240,192.168.88.253,35430,642,,congestion_avoidance,
2637,317684.478772,103300,20,660153336,673582088,192.168.88.253,35430,692,,congestion_avoidance,
2638,317684.497066,103400,34,660706472,674138120,192.168.88.253,35430,716,,congestion_avoidance,
2639,317684.498596,103410,24,660728192,674178664,192.168.88.253,35430,1485,,fast_retransmit,
2640,317684.499276,103414,17,660770184,674194592,192.168.88.253,35430,660,,congestion_avoidance,
2641,317684.512324,103500,28,661148112,674591344,192.168.88.253,35430,1114,,congestion_avoidance,
2642,317684.525472,103575,25,661534728,674988096,192.168.88.253,35430,1296,,fast_retransmit,
2643,317684.526227,103580,18,661579616,675006920,192.168.88.253,35430,664,,congestion_avoidance,
2644,317684.529075,103600,21,661660704,675101040,192.168.88.253,35430,881,,congestion_avoidance,
2645,317684.542857,103700,31,662064696,675507928,192.168.88.253,35430,1018,,congestion_avoidance,
2646,317684.546679,103726,34,662174744,675633904,192.168.88.253,35430,1218,,loss_recovery,
2647,317684.547302,103733,17,662208048,675652728,192.168.88.253,35430,512,,congestion_avoidance,
2648,317684.556234,103800,25,662467240,675923504,192.168.88.253,35430,1030,,congestion_avoidance,
2649,317684.570570,103900,35,662894400,676373832,192.168.88.253,35430,1439,,congestion_avoidance,
2650,317684.576176,103937,38,663058024,676559176,192.168.88.253,35430,1259,,loss_recovery,
2651,317684.577361,103945,19,663101464,676575104,192.168.88.253,35430,393,,congestion_avoidance,
2652,317684.586025,104000,26,663360656,676848776,192.168.88.253,35430,1122,,congestion_avoidance,
2653,317684.599006,104067,34,663734240,677245528,192.168.88.253,35430,1287,,loss_recovery,
2654,317684.599505,104072,17,663764648,677268696,192.168.88.253,35430,355,,congestion_avoidance,
2655,317684.604571,104100,20,663910896,677423632,192.168.88.253,35430,769,,congestion_avoidance,
2656,317684.620784,104200,33,664391632,677926088,192.168.88.253,35430,1505,,congestion_avoidance,
2657,317684.629213,104246,17,664650824,678169352,192.168.88.253,35430,880,,fast_retransmit,
2658,317684.630171,104253,19,664682680,678196864,192.168.88.253,35430,649,,congestion_avoidance,
2659,317684.637847,104300,25,664907120,678425648,192.168.88.253,35430,1249,,congestion_avoidance,
2660,317684.654755,104386,25,665397992,678931000,192.168.88.253,35430,1430,,fast_retransmit,
2661,317684.655491,104392,18,665439984,678951272,192.168.88.253,35430,652,,congestion_avoidance,
2662,317684.656714,104400,19,665473288,678986024,192.168.88.253,35430,662,,congestion_avoidance,
2663,317684.675297,104500,33,666022080,679555088,192.168.88.253,35430,1177,,congestion_avoidance,
2664,317684.675881,104502,34,666036560,679576808,192.168.88.253,35430,1169,,loss_recovery,
2665,317684.676623,104508,17,666071312,679598528,192.168.88.253,35430,562,,congestion_avoidance,
2666,317684.694011,104600,30,666583904,680137184,192.168.88.253,35430,1095,,congestion_avoidance,
2667,317684.704159,104655,17,666893776,680438368,192.168.88.253,35430,770,,fast_retransmit,
2668,317684.705171,104661,18,666924184,680465880,192.168.88.253,35430,583,,congestion_avoidance,
2669,317684.712604,104700,25,667144280,680691768,192.168.88.253,35430,1144,,congestion_avoidance,
2670,317684.725940,104767,34,667530896,681094312,192.168.88.253,35430,1195,,loss_recovery,
2671,317684.726604,104772,17,667564200,681116032,192.168.88.253,35430,476,,congestion_avoidance,
2672,317684.732168,104800,20,667722032,681281104,192.168.88.253,35430,915,,congestion_avoidance,
2673,317684.751787,104900,35,668305576,681876232,192.168.88.253,35430,1426,,congestion_avoidance,
2674,317684.753117,104905,35,668340328,681926912,192.168.88.253,35430,1301,,loss_recovery,
2675,317684.753640,104911,17,668373632,681948632,192.168.88.253,35430,479,,congestion_avoidance,
2676,317684.770118,105000,29,668861608,682445296,192.168.88.253,35430,954,,congestion_avoidance,
2677,317684.780962,105044,36,669177272,682805848,192.168.88.253,35430,1295,,loss_recovery,
2678,317684.781936,105054,18,669216368,682833360,192.168.88.253,35430,774,,congestion_avoidance,
2679,317684.791364,105100,26,669498728,683133096,192.168.88.253,35430,1008,,congestion_avoidance,
2680,317684.802799,105156,34,669834664,683474824,192.168.88.253,35430,1557,,loss_recovery,
2681,317684.803727,105162,17,669867968,683505232,192.168.88.253,35430,749,,congestion_avoidance,
2682,317684.811642,105200,24,670106888,683736912,192.168.88.253,35430,818,,congestion_avoidance,
2683,317684.830923,105300,36,670681744,684346520,192.168.88.253,35430,1042,,congestion_avoidance,
2684,317684.835559,105329,16,670816408,684460912,192.168.88.253,35430,844,,fast_retransmit,
2685,317684.836486,105336,19,670846816,684485528,192.168.88.253,35430,517,,congestion_avoidance,
2686,317684.846161,105400,27,671121936,684770784,192.168.88.253,35430,957,,congestion_avoidance,
2687,317684.861612,105489,37,671591088,685263104,192.168.88.253,35430,1812,,loss_recovery,
2688,317684.862829,105497,18,671630184,685284824,192.168.88.253,35430,385,,congestion_avoidance,
2689,317684.863164,105500,18,671641768,685284824,192.168.88.253,35430,453,,congestion_avoidance,
2690,317684.881243,105600,32,672165944,685840856,192.168.88.253,35430,1090,,congestion_avoidance,
2691,317684.884399,105618,34,672261512,685948008,192.168.88.253,35430,1279,,loss_recovery,
2692,317684.885061,105626,17,672293368,685968280,192.168.88.253,35430,536,,congestion_avoidance,
2693,317684.896908,105700,26,672645232,686337520,192.168.88.253,35430,938,,congestion_avoidance,
2694,317684.911299,105783,36,673062256,686771920,192.168.88.253,35430,1503,,loss_recovery,
2695,317684.911939,105791,18,673099904,686786400,192.168.88.253,35430,541,,congestion_avoidance,
2696,317684.913222,105800,19,673136104,686825496,192.168.88.253,35430,641,,congestion_avoidance,
2697,317684.936501,105872,36,673825352,687533568,192.168.88.253,35430,1677,,loss_recovery,
2698,317684.937919,105876,18,673870240,687561080,192.168.88.253,35430,570,,congestion_avoidance,
2699,317684.944098,105900,22,674059928,687765248,192.168.88.253,35430,1054,,congestion_avoidance,
2700,317684.965762,105958,37,674699944,688440016,192.168.88.253,35430,1532,,loss_recovery,
2701,317684.966505,105961,18,674731800,688466080,192.168.88.253,35430,360,,congestion_avoidance,
2702,317684.976335,106000,25,675017056,688768712,192.168.88.253,35430,871,,congestion_avoidance,
2703,317684.999284,106096,39,675701960,689476784,192.168.88.253,35430,944,,loss_recovery,
2704,317684.999971,106100,19,675720784,689482576,192.168.88.253,35430,1259,,loss_recovery,
2705,317685.000112,106103,19,675738160,689492712,192.168.88.253,35430,747,,congestion_avoidance,
2706,317685.025944,106193,38,676509944,690305040,192.168.88.253,35430,1578,,loss_recovery,
2707,317685.027539,106200,19,676553384,690325312,192.168.88.253,35430,469,,congestion_avoidance,
2708,317685.050684,106300,35,677248424,691050760,192.168.88.253,35430,1328,,congestion_avoidance,
2709,317685.055034,106318,38,677380192,691195560,192.168.88.253,35430,1228,,loss_recovery,
2710,317685.056910,106323,19,677425080,691214384,192.168.88.253,35430,369,,congestion_avoidance,
2711,317685.077446,106400,34,678037584,691860192,192.168.88.253,35430,1125,,congestion_avoidance,
2712,317685.082057,106423,36,678188176,692020920,192.168.88.253,35430,1315,,loss_recovery,
2713,317685.083897,106428,18,678233064,692038296,192.168.88.253,35430,379,,congestion_avoidance,
2714,317685.102056,106500,32,678774616,692608808,192.168.88.253,35430,1246,,congestion_avoidance,
2715,317685.111814,106534,38,679072904,692918680,192.168.88.253,35430,1281,,loss_recovery,
2716,317685.113385,106537,19,679107656,692941848,192.168.88.253,35430,376,,congestion_avoidance,
2717,317685.130144,106600,31,679610112,693473264,192.168.88.253,35430,1425,,congestion_avoidance,
2718,317685.140544,106639,37,679934464,693809200,192.168.88.253,35430,1505,,loss_recovery,
2719,317685.142161,106645,18,679977904,693829472,192.168.88.253,35430,396,,congestion_avoidance,
2720,317685.153549,106700,27,680313840,694192920,192.168.88.253,35430,1184,,congestion_avoidance,
2721,317685.169593,106772,37,680784440,694678000,192.168.88.253,35430,1419,,loss_recovery,
2722,317685.170680,106780,18,680832224,694704064,192.168.88.253,35430,476,,congestion_avoidance,
2723,317685.175006,106800,21,680956752,694840176,192.168.88.253,35430,710,,congestion_avoidance,
2724,317685.193071,106867,34,681498304,695397656,192.168.88.253,35430,1081,,loss_recovery,
2725,317685.194182,106872,17,681530160,695415032,192.168.88.253,35430,400,,congestion_avoidance,
2726,317685.200689,106900,21,681721296,695620648,192.168.88.253,35430,933,,congestion_avoidance,
2727,317685.217494,106959,34,682216512,696137584,192.168.88.253,35430,1098,,loss_recovery,
2728,317685.218510,106966,17,682258504,696157856,192.168.88.253,35430,460,,congestion_avoidance,
2729,317685.226925,107000,23,682504664,696418496,192.168.88.253,35430,649,,congestion_avoidance,
2730,317685.244528,107063,36,683043320,696981768,192.168.88.253,35430,1485,,loss_recovery,
2731,317685.246339,107073,18,683092552,697012176,192.168.88.253,35430,499,,congestion_avoidance,
2732,317685.251403,107100,22,683244592,697164216,192.168.88.253,35430,808,,congestion_avoidance,
2733,317685.268737,107164,34,683760080,697698528,192.168.88.253,35430,1146,,loss_recovery,
2734,317685.269677,107168,17,683791936,697723144,192.168.88.253,35430,474,,congestion_avoidance,
2735,317685.276727,107200,24,683997552,697941792,192.168.88.253,35430,978,,congestion_avoidance,
2736,317685.297263,107277,24,684599920,698562984,192.168.88.253,35430,945,,fast_retransmit,
2737,317685.298081,107283,18,684641912,698589048,192.168.88.253,35430,670,,congestion_avoidance,
2738,317685.301959,107300,21,684751960,698691856,192.168.88.253,35430,889,,congestion_avoidance,
2739,317685.318625,107363,34,685247176,699210240,192.168.88.253,35430,1130,,loss_recovery,
2740,317685.319441,107367,17,685277584,699234856,192.168.88.253,35430,693,,congestion_avoidance,
2741,317685.328392,107400,24,685542568,699517216,192.168.88.253,35430,1116,,congestion_avoidance,
2742,317685.348791,107483,37,686159416,700154336,192.168.88.253,35430,1338,,loss_recovery,
2743,317685.350284,107493,18,686198512,700174608,192.168.88.253,35430,371,,congestion_avoidance,
2744,317685.351763,107500,18,686237608,700223840,192.168.88.253,35430,438,,congestion_avoidance,
2745,317685.372175,107597,34,686847216,700855168,192.168.88.253,35430,1019,,loss_recovery,
2746,317685.372994,107600,17,686861696,700855168,192.168.88.253,35430,1476,,loss_recovery,
2747,317685.373442,107605,17,686890656,700868200,192.168.88.253,35430,224,,congestion_avoidance,
2748,317685.395072,107700,33,687535016,701556000,192.168.88.253,35430,1440,,congestion_avoidance,
2749,317685.406313,107748,39,687857920,701886144,192.168.88.253,35430,1248,,loss_recovery,
2750,317685.407362,107756,19,687904256,701902072,192.168.88.253,35430,374,,congestion_avoidance,
2751,317685.416005,107800,25,688163448,702187328,192.168.88.253,35430,960,,congestion_avoidance,
2752,317685.432610,107900,36,688651424,702694128,192.168.88.253,35430,1317,,congestion_avoidance,
2753,317685.447797,107990,43,689107544,703163280,192.168.88.253,35430,966,,loss_recovery,
2754,317685.449380,108000,21,689142296,703173416,192.168.88.253,35430,1870,,loss_recovery,
2755,317685.449624,108004,21,689159672,703187896,192.168.88.253,35430,302,,congestion_avoidance,
2756,317685.464748,108100,31,689602760,703644016,192.168.88.253,35430,1165,,congestion_avoidance,
2757,317685.468877,108135,34,689724392,703783024,192.168.88.253,35430,1402,,loss_recovery,
2758,317685.469750,108144,17,689757696,703807640,192.168.88.253,35430,693,,congestion_avoidance,
2759,317685.477309,108200,24,689982136,704042216,192.168.88.253,35430,827,,congestion_avoidance,
2760,317685.491020,108300,34,690384680,704453448,192.168.88.253,35430,1228,,congestion_avoidance,
2761,317685.499207,108359,38,690643872,704727120,192.168.88.253,35430,1589,,loss_recovery,
2762,317685.501141,108367,19,690696000,704760424,192.168.88.253,35430,582,,congestion_avoidance,
2763,317685.509674,108400,25,690946504,705016720,192.168.88.253,35430,1096,,congestion_avoidance,
2764,317685.528391,108476,37,691515568,705617640,192.168.88.253,35430,1282,,loss_recovery,
2765,317685.529798,108485,18,691554664,705637912,192.168.88.253,35430,365,,congestion_avoidance,
2766,317685.533557,108500,20,691663264,705749408,192.168.88.253,35430,975,,congestion_avoidance,
2767,317685.555304,108572,36,692301832,706421280,192.168.88.253,35430,1394,,loss_recovery,
2768,317685.556237,108584,18,692340928,706447344,192.168.88.253,35430,799,,congestion_avoidance,
2769,317685.557951,108600,19,692395952,706496576,192.168.88.253,35430,378,,congestion_avoidance,
2770,317685.574614,108700,32,692886824,707016408,192.168.88.253,35430,1289,,congestion_avoidance,
2771,317685.583279,108751,37,693156152,707307456,192.168.88.253,35430,824,,loss_recovery,
2772,317685.585218,108762,18,693206832,707326280,192.168.88.253,35430,1950,,congestion_avoidance,
2773,317685.592676,108800,24,693431272,707556512,192.168.88.253,35430,934,,congestion_avoidance,
2774,317685.607958,108848,34,693883048,708028560,192.168.88.253,35430,1279,,loss_recovery,
2775,317685.608998,108854,17,693917800,708045936,192.168.88.253,35430,423,,congestion_avoidance,
2776,317685.615219,108900,22,694104592,708248656,192.168.88.253,35430,953,,congestion_avoidance,
2777,317685.635412,109000,36,694701168,708853920,192.168.88.253,35430,1507,,loss_recovery,
2778,317685.636421,109004,18,694735920,708882880,192.168.88.253,35430,317,,congestion_avoidance,
2779,317685.664297,109079,25,695558384,709734304,192.168.88.253,35430,917,,fast_retransmit,
2780,317685.665217,109086,18,695601824,709757472,192.168.88.253,35430,709,,congestion_avoidance,
2781,317685.669079,109100,21,695711872,709861728,192.168.88.253,35430,959,,congestion_avoidance,
2782,317685.691398,109158,25,696367816,710545184,192.168.88.253,35430,1108,,fast_retransmit,
2783,317685.692245,109165,18,696412704,710571248,192.168.88.253,35430,709,,congestion_avoidance,
2784,317685.701811,109200,26,696692168,710846368,192.168.88.253,35430,1020,,congestion_avoidance,
2785,317685.722053,109266,39,697284400,711473352,192.168.88.253,35430,1344,,loss_recovery,
2786,317685.722938,109277,19,697326392,711500864,192.168.88.253,35430,760,,congestion_avoidance,
2787,317685.728262,109300,24,697484224,711671728,192.168.88.253,35430,780,,congestion_avoidance,
2788,317685.744865,109354,36,697986680,712193008,192.168.88.253,35430,1056,,loss_recovery,
2789,317685.746336,109365,18,698027224,712219072,192.168.88.253,35430,834,,congestion_avoidance,
2790,317685.750446,109400,22,698148856,712346496,192.168.88.253,35430,927,,congestion_avoidance,
2791,317685.762077,109500,31,698486240,712689672,192.168.88.253,35430,1334,,congestion_avoidance,
2792,317685.772008,109551,25,698771496,712986512,192.168.88.253,35430,1389,,fast_retransmit,
2793,317685.772713,109557,18,698814936,713006784,192.168.88.253,35430,600,,congestion_avoidance,
2794,317685.780299,109600,25,699033584,713237016,192.168.88.253,35430,1024,,congestion_avoidance,
2795,317685.793029,109662,34,699408616,713630872,192.168.88.253,35430,1167,,loss_recovery,
2796,317685.793786,109667,17,699443368,713651144,192.168.88.253,35430,563,,congestion_avoidance,
2797,317685.798291,109700,20,699578032,713803184,192.168.88.253,35430,905,,congestion_avoidance,
2798,317685.816704,109800,34,700131168,714357768,192.168.88.253,35430,866,,congestion_avoidance,
2799,317685.824696,109841,39,700364296,714609720,192.168.88.253,35430,1309,,loss_recovery,
2800,317685.825983,109846,19,700401944,714632888,192.168.88.253,35430,412,,congestion_avoidance,
2801,317685.837168,109900,27,700733536,714978960,192.168.88.253,35430,830,,congestion_avoidance,
2802,317685.848342,109948,17,701075264,715322136,192.168.88.253,35430,656,,fast_retransmit,
2803,317685.849280,109955,17,701104224,715348200,192.168.88.253,35430,497,,congestion_avoidance,
2804,317685.862769,110000,29,701502424,715759432,192.168.88.253,35430,1153,,congestion_avoidance,
2805,317685.874750,110033,36,701861528,716122880,192.168.88.253,35430,1398,,loss_recovery,
2806,317685.876184,110037,18,701900624,716153288,192.168.88.253,35430,338,,congestion_avoidance,
2807,317685.902390,110100,36,702694128,716961272,192.168.88.253,35430,1488,,congestion_avoidance,
2808,317685.905346,110111,37,702775216,717066976,192.168.88.253,35430,1421,,loss_recovery,
2809,317685.906601,110115,18,702811416,717095936,192.168.88.253,35430,315,,congestion_avoidance,
2810,317685.930746,110174,35,703526728,717827176,192.168.88.253,35430,1683,,loss_recovery,
2811,317685.931679,110176,18,703555688,717853240,192.168.88.253,35430,248,,congestion_avoidance,
2812,317685.940323,110200,23,703822120,718122568,192.168.88.253,35430,1005,,congestion_avoidance,
2813,317685.959664,110251,37,704404216,718740864,192.168.88.253,35430,1326,,loss_recovery,
2814,317685.961616,110255,18,704449104,718761136,192.168.88.253,35430,423,,congestion_avoidance,
2815,317685.978941,110300,31,704968936,719301240,192.168.88.253,35430,1319,,congestion_avoidance,
2816,317685.993208,110343,39,705393200,719735640,192.168.88.253,35430,1774,,loss_recovery,
2817,317685.994112,110346,19,705430848,719768944,192.168.88.253,35430,483,,congestion_avoidance,
2818,317686.016559,110400,34,706096928,720445160,192.168.88.253,35430,671,,congestion_avoidance,
2819,317686.022608,110424,37,706282272,720650776,192.168.88.253,35430,1180,,loss_recovery,
2820,317686.024129,110428,18,706325712,720671048,192.168.88.253,35430,312,,congestion_avoidance,
2821,317686.049750,110499,35,707091704,721474688,192.168.88.253,35430,1268,,loss_recovery,
2822,317686.050434,110500,17,707110528,721474688,192.168.88.253,35430,1824,,loss_recovery,
2823,317686.051385,110502,17,707129352,721505096,192.168.88.253,35430,669,,congestion_avoidance,
2824,317686.083079,110587,25,708073448,722479600,192.168.88.253,35430,830,,fast_retransmit,
2825,317686.083930,110594,18,708116888,722504216,192.168.88.253,35430,711,,congestion_avoidance,
2826,317686.085018,110600,19,708148744,722525936,192.168.88.253,35430,943,,congestion_avoidance,
2827,317686.110106,110667,37,708897360,723306408,192.168.88.253,35430,1085,,loss_recovery,
2828,317686.111934,110670,18,708940800,723326680,192.168.88.253,35430,319,,congestion_avoidance,
2829,317686.119548,110700,23,709179720,723577184,192.168.88.253,35430,1033,,congestion_avoidance,
2830,317686.139391,110750,37,709769056,724196928,192.168.88.253,35430,1516,,loss_recovery,
2831,317686.140983,110753,18,709811048,724230232,192.168.88.253,35430,437,,congestion_avoidance,
2832,317686.158632,110800,31,710343912,724792056,192.168.88.253,35430,1228,,congestion_avoidance,
2833,317686.172422,110838,39,710747904,725190256,192.168.88.253,35430,1889,,loss_recovery,
2834,317686.173256,110841,19,710784104,725222112,192.168.88.253,35430,438,,congestion_avoidance,
2835,317686.193058,110900,32,711364752,725812896,192.168.88.253,35430,1604,,congestion_avoidance,
2836,317686.197455,110911,35,711497968,725950456,192.168.88.253,35430,1750,,loss_recovery,
2837,317686.198228,110913,18,711525480,725976520,192.168.88.253,35430,218,,congestion_avoidance,
2838,317686.226372,110991,37,712374008,726862696,192.168.88.253,35430,1524,,loss_recovery,
2839,317686.228357,110995,18,712424688,726894552,192.168.88.253,35430,348,,congestion_avoidance,
2840,317686.230253,111000,19,712485504,726955368,192.168.88.253,35430,394,,congestion_avoidance,
2841,317686.253710,111061,35,713179096,727663440,192.168.88.253,35430,1615,,loss_recovery,
2842,317686.254418,111063,18,713206608,727689504,192.168.88.253,35430,196,,congestion_avoidance,
2843,317686.268365,111100,28,713629424,728131144,192.168.88.253,35430,666,,congestion_avoidance,
2844,317686.281282,111133,36,714003008,728511968,192.168.88.253,35430,1556,,loss_recovery,
2845,317686.282169,111137,18,714037760,728529344,192.168.88.253,35430,401,,congestion_avoidance,
2846,317686.305492,111200,35,714734248,729262032,192.168.88.253,35430,1590,,congestion_avoidance,
2847,317686.307444,111208,36,714799408,729332984,192.168.88.253,35430,1252,,loss_recovery,
2848,317686.309095,111212,18,714845744,729359048,192.168.88.253,35430,287,,congestion_avoidance,
2849,317686.333420,111275,35,715559608,730101872,192.168.88.253,35430,1605,,loss_recovery,
2850,317686.334324,111277,18,715597256,730135176,192.168.88.253,35430,415,,congestion_avoidance,
2851,317686.340661,111300,22,715786944,730333552,192.168.88.253,35430,895,,congestion_avoidance,
2852,317686.362203,111360,24,716416824,730983704,192.168.88.253,35430,1023,,fast_retransmit,
2853,317686.363093,111367,18,716460264,731003976,192.168.88.253,35430,720,,congestion_avoidance,
2854,317686.375336,111400,28,716820816,731363080,192.168.88.253,35430,1318,,congestion_avoidance,
2855,317686.391349,111451,38,717303000,731874224,192.168.88.253,35430,1221,,loss_recovery,
2856,317686.392956,111454,19,717339200,731895944,192.168.88.253,35430,459,,congestion_avoidance,
2857,317686.405241,111500,27,717706992,732281112,192.168.88.253,35430,1368,,congestion_avoidance,
2858,317686.415386,111532,35,718022656,732619944,192.168.88.253,35430,1130,,loss_recovery,
2859,317686.416800,111535,17,718060304,732641664,192.168.88.253,35430,343,,congestion_avoidance,
2860,317686.432767,111600,29,718533800,733118056,192.168.88.253,35430,1264,,congestion_avoidance,
2861,317686.445121,111652,37,718911728,733533632,192.168.88.253,35430,1563,,loss_recovery,
2862,317686.446956,111656,18,718955168,733555352,192.168.88.253,35430,418,,congestion_avoidance,
2863,317686.456020,111700,25,719233184,733855088,192.168.88.253,35430,1018,,congestion_avoidance,
2864,317686.474003,111765,37,719761704,734402432,192.168.88.253,35430,1264,,loss_recovery,
2865,317686.475112,111773,18,719805144,734419808,192.168.88.253,35430,467,,congestion_avoidance,
2866,317686.481457,111800,22,719993384,734628320,192.168.88.253,35430,1027,,congestion_avoidance,
2867,317686.507132,111890,39,720762272,735417480,192.168.88.253,35430,1055,,loss_recovery,
2868,317686.508728,111893,19,720808608,735449336,192.168.88.253,35430,287,,congestion_avoidance,
2869,317686.510561,111900,19,720865080,735505808,192.168.88.253,35430,397,,congestion_avoidance,
2870,317686.535975,111981,17,721623832,736279040,192.168.88.253,35430,448,,fast_retransmit,
2871,317686.536988,111987,18,721654240,736306552,192.168.88.253,35430,705,,congestion_avoidance,
2872,317686.540736,112000,21,721765736,736409360,192.168.88.253,35430,993,,congestion_avoidance,
2873,317686.562316,112059,37,722408648,737078336,192.168.88.253,35430,1303,,loss_recovery,
2874,317686.564100,112062,18,722449192,737110192,192.168.88.253,35430,341,,congestion_avoidance,
2875,317686.574765,112100,25,722782232,737447576,192.168.88.253,35430,901,,congestion_avoidance,
2876,317686.591406,112169,36,723273104,737967408,192.168.88.253,35430,1254,,loss_recovery,
2877,317686.592519,112175,18,723312200,737984784,192.168.88.253,35430,373,,congestion_avoidance,
2878,317686.599254,112200,23,723506232,738194744,192.168.88.253,35430,1081,,congestion_avoidance,
2879,317686.616947,112260,36,724040544,738769600,192.168.88.253,35430,1547,,loss_recovery,
2880,317686.618469,112269,18,724088328,738792768,192.168.88.253,35430,435,,congestion_avoidance,
2881,317686.625419,112300,24,724292496,739017208,192.168.88.253,35430,881,,congestion_avoidance,
2882,317686.643571,112371,36,724836944,739570344,192.168.88.253,35430,1342,,loss_recovery,
2883,317686.644706,112374,18,724868800,739590616,192.168.88.253,35430,387,,congestion_avoidance,
2884,317686.652444,112400,24,725099032,739829536,192.168.88.253,35430,888,,congestion_avoidance,
2885,317686.672806,112463,23,725694160,740450728,192.168.88.253,35430,1286,,fast_retransmit,
2886,317686.673671,112469,18,725739048,740476792,192.168.88.253,35430,722,,congestion_avoidance,
2887,317686.682261,112500,26,725991000,740735984,192.168.88.253,35430,1197,,congestion_avoidance,
2888,317686.695853,112537,35,726393544,741141424,192.168.88.253,35430,1405,,loss_recovery,
2889,317686.697046,112542,17,726431192,741166040,192.168.88.253,35430,349,,congestion_avoidance,
2890,317686.710673,112600,27,726840976,741590304,192.168.88.253,35430,973,,congestion_avoidance,
2891,317686.725083,112650,36,727265240,742030496,192.168.88.253,35430,1600,,loss_recovery,
2892,317686.726069,112654,18,727301440,742059456,192.168.88.253,35430,301,,congestion_avoidance,
2893,317686.737313,112700,26,727634480,742402632,192.168.88.253,35430,1037,,congestion_avoidance,
2894,317686.757422,112784,26,728222368,743007896,192.168.88.253,35430,1402,,fast_retransmit,
2895,317686.758404,112788,19,728265808,743028168,192.168.88.253,35430,898,,congestion_avoidance,
2896,317686.761151,112800,21,728348344,743113600,192.168.88.253,35430,828,,congestion_avoidance,
2897,317686.778830,112855,34,728869624,743643568,192.168.88.253,35430,1562,,loss_recovery,
2898,317686.779411,112858,17,728897136,743668184,192.168.88.253,35430,308,,congestion_avoidance,
2899,317686.788249,112900,24,729160672,743949096,192.168.88.253,35430,1121,,congestion_avoidance,
2900,317686.803477,112954,35,729618240,744426936,192.168.88.253,35430,1535,,loss_recovery,
2901,317686.805152,112959,17,729667472,744445760,192.168.88.253,35430,327,,congestion_avoidance,
2902,317686.812780,113000,22,729891912,744690472,192.168.88.253,35430,845,,congestion_avoidance,
2903,317686.837098,113077,38,730610120,745424608,192.168.88.253,35430,1854,,loss_recovery,
2904,317686.837691,113081,19,730637632,745443432,192.168.88.253,35430,566,,congestion_avoidance,
2905,317686.842175,113100,22,730769400,745586784,192.168.88.253,35430,895,,congestion_avoidance,
2906,317686.860393,113169,35,731312400,746147160,192.168.88.253,35430,1491,,loss_recovery,
2907,317686.861200,113173,17,731341360,746167432,192.168.88.253,35430,340,,congestion_avoidance,
2908,317686.866944,113200,21,731509328,746352776,192.168.88.253,35430,979,,congestion_avoidance,
2909,317686.889007,113283,37,732173960,747043472,192.168.88.253,35430,1245,,loss_recovery,
2910,317686.890984,113287,18,732220296,747062296,192.168.88.253,35430,401,,congestion_avoidance,
2911,317686.893602,113300,19,732308624,747157864,192.168.88.253,35430,700,,congestion_avoidance,
2912,317686.912990,113370,34,732879136,747754440,192.168.88.253,35430,1189,,loss_recovery,
2913,317686.913743,113375,17,732910992,747779056,192.168.88.253,35430,636,,congestion_avoidance,
2914,317686.920167,113400,23,733093440,747973088,192.168.88.253,35430,902,,congestion_avoidance,
2915,317686.940040,113470,36,733688568,748585592,192.168.88.253,35430,1748,,loss_recovery,
2916,317686.941255,113476,18,733730560,748613104,192.168.88.253,35430,564,,congestion_avoidance,
2917,317686.947391,113500,22,733914456,748799896,192.168.88.253,35430,801,,congestion_avoidance,
2918,317686.970713,113595,20,734597912,749510864,192.168.88.253,35430,1170,,fast_retransmit,
2919,317686.971252,113600,14,734597912,749523896,192.168.88.253,35430,1578,,fast_retransmit,
2920,317686.971551,113602,19,734641352,749538376,192.168.88.253,35430,645,,congestion_avoidance,
2921,317686.992591,113671,34,735256752,750158120,192.168.88.253,35430,1529,,loss_recovery,
2922,317686.993055,113674,17,735279920,750174048,192.168.88.253,35430,420,,congestion_avoidance,
2923,317686.999509,113700,21,735472504,750384008,192.168.88.253,35430,1022,,congestion_avoidance,
2924,317687.022277,113800,37,736148720,751081944,192.168.88.253,35430,1595,,congestion_avoidance,
2925,317687.029181,113825,20,736316688,751247016,192.168.88.253,35430,2094,,fast_retransmit,
2926,317687.029448,113827,20,736364472,751258600,192.168.88.253,35430,239,,congestion_avoidance,
2927,317687.050261,113900,34,736994352,751923232,192.168.88.253,35430,741,,congestion_avoidance,
2928,317687.051571,113906,32,737010280,751950744,192.168.88.253,35430,1442,,fast_retransmit,
2929,317687.052693,113912,17,737060960,751973912,192.168.88.253,35430,1099,,congestion_avoidance,
2930,317687.074945,114000,34,737722696,752642888,192.168.88.253,35430,1572,,congestion_avoidance,
2931,317687.081899,114028,18,737935552,752858640,192.168.88.253,35430,421,,fast_retransmit,
2932,317687.082850,114034,19,737968856,752889048,192.168.88.253,35430,564,,congestion_avoidance,
2933,317687.104097,114095,34,738588600,753516032,192.168.88.253,35430,1528,,loss_recovery,
2934,317687.104782,114098,17,738620456,753539200,192.168.88.253,35430,354,,congestion_avoidance,
2935,317687.105749,114100,17,738643624,753562368,192.168.88.253,35430,335,,congestion_avoidance,
2936,317687.132476,114200,36,739450160,754405104,192.168.88.253,35430,1154,,congestion_avoidance,
2937,317687.132692,114202,36,739455952,754423928,192.168.88.253,35430,1385,,loss_recovery,
2938,317687.134394,114208,18,739505184,754455784,192.168.88.253,35430,492,,congestion_avoidance,
2939,317687.160325,114300,37,740274072,755259424,192.168.88.253,35430,1449,,congestion_avoidance,
2940,317687.164409,114315,28,740388464,755368024,192.168.88.253,35430,1187,,fast_retransmit,
2941,317687.165544,114322,19,740433352,755395536,192.168.88.253,35430,737,,congestion_avoidance,
2942,317687.183813,114400,33,740969112,755941432,192.168.88.253,35430,1473,,congestion_avoidance,
2943,317687.187871,114415,35,741087848,756064512,192.168.88.253,35430,1692,,loss_recovery,
2944,317687.188784,114419,17,741125496,756084784,192.168.88.253,35430,396,,congestion_avoidance,
2945,317687.210074,114500,33,741755376,756750864,192.168.88.253,35430,1723,,congestion_avoidance,
2946,317687.211321,114504,34,741791576,756781272,192.168.88.253,35430,1446,,loss_recovery,
2947,317687.212014,114507,17,741819088,756811680,192.168.88.253,35430,329,,congestion_avoidance,
2948,317687.236817,114600,34,742554672,757579120,192.168.88.253,35430,1425,,congestion_avoidance,
2949,317687.240359,114616,17,742666168,757674688,192.168.88.253,35430,610,,fast_retransmit,
2950,317687.241312,114623,18,742699472,757702200,192.168.88.253,35430,552,,congestion_avoidance,
2951,317687.265610,114700,36,743424920,758436336,192.168.88.253,35430,1006,,congestion_avoidance,
2952,317687.268285,114714,37,743504560,758537696,192.168.88.253,35430,1517,,loss_recovery,
2953,317687.270085,114720,18,743555240,758557968,192.168.88.253,35430,340,,congestion_avoidance,
2954,317687.293198,114800,34,744243040,759266040,192.168.88.253,35430,1501,,congestion_avoidance,
2955,317687.295274,114813,36,744312544,759365952,192.168.88.253,35430,1367,,loss_recovery,
2956,317687.297021,114819,18,744358880,759383328,192.168.88.253,35430,446,,congestion_avoidance,
2957,317687.309289,114900,28,744717984,759768496,192.168.88.253,35430,1189,,congestion_avoidance,
2958,317687.323388,115000,37,745139352,760208688,192.168.88.253,35430,1376,,loss_recovery,
2959,317687.324331,115010,18,745178448,760236200,192.168.88.253,35430,780,,congestion_avoidance,
2960,317687.335944,115100,27,745517280,760579376,192.168.88.253,35430,1161,,congestion_avoidance,
2961,317687.349994,115200,36,745925616,761009432,192.168.88.253,35430,1369,,congestion_avoidance,
2962,317687.350808,115211,17,745969056,761035496,192.168.88.253,35430,555,,fast_retransmit,
2963,317687.351803,115218,18,745999464,761063008,192.168.88.253,35430,535,,congestion_avoidance,
2964,317687.364859,115300,29,746384632,761462656,192.168.88.253,35430,1226,,congestion_avoidance,
2965,317687.378493,115380,24,746778488,761857960,192.168.88.253,35430,1365,,fast_retransmit,
2966,317687.379278,115384,18,746819032,761878232,192.168.88.253,35430,718,,congestion_avoidance,
2967,317687.381514,115400,20,746885640,761953528,192.168.88.253,35430,806,,congestion_avoidance,
2968,317687.399833,115500,34,747424296,762497976,192.168.88.253,35430,1141,,congestion_avoidance,
2969,317687.401738,115509,35,747477872,762566032,192.168.88.253,35430,1239,,loss_recovery,
2970,317687.402371,115516,17,747508280,762589200,192.168.88.253,35430,509,,congestion_avoidance,
2971,317687.414133,115600,26,747852904,762939616,192.168.88.253,35430,940,,congestion_avoidance,
2972,317687.428557,115685,36,748297440,763410216,192.168.88.253,35430,1462,,loss_recovery,
2973,317687.429974,115693,18,748336536,763439176,192.168.88.253,35430,709,,congestion_avoidance,
2974,317687.431234,115700,19,748372736,763466688,192.168.88.253,35430,331,,congestion_avoidance,
2975,317687.453551,115782,36,749044608,764176208,192.168.88.253,35430,1170,,loss_recovery,
2976,317687.455017,115791,18,749086600,764193584,192.168.88.253,35430,335,,congestion_avoidance,
2977,317687.456562,115800,18,749122800,764245712,192.168.88.253,35430,473,,congestion_avoidance,
2978,317687.476684,115900,34,749722272,764865456,192.168.88.253,35430,1145,,loss_recovery,
2979,317687.477412,115905,17,749754128,764888624,192.168.88.253,35430,622,,congestion_avoidance,
2980,317687.489957,116000,26,750124816,765281032,192.168.88.253,35430,1180,,congestion_avoidance,
2981,317687.502685,116100,35,750507088,765667648,192.168.88.253,35430,1568,,congestion_avoidance,
2982,317687.511798,116164,36,750761936,765944216,192.168.88.253,35430,1385,,fast_retransmit,
2983,317687.513232,116170,20,750825648,765967384,192.168.88.253,35430,1194,,congestion_avoidance,
2984,317687.517542,116200,24,750950176,766104944,192.168.88.253,35430,1006,,congestion_avoidance,
2985,317687.530285,116300,33,751332448,766488664,192.168.88.253,35430,1501,,congestion_avoidance,
2986,317687.541041,116373,39,751639424,766818808,192.168.88.253,35430,1412,,loss_recovery,
2987,317687.541969,116383,19,751681416,766846320,192.168.88.253,35430,743,,congestion_avoidance,
2988,317687.544102,116400,20,751743680,766914376,192.168.88.253,35430,692,,congestion_avoidance,
2989,317687.556863,116500,31,752125952,767303888,192.168.88.253,35430,1388,,congestion_avoidance,
2990,317687.562378,116543,34,752288128,767479096,192.168.88.253,35430,1283,,loss_recovery,
2991,317687.563347,116552,17,752322880,767497920,192.168.88.253,35430,317,,congestion_avoidance,
2992,317687.568612,116600,21,752482160,767670232,192.168.88.253,35430,783,,congestion_avoidance,
2993,317687.589015,116680,36,753091768,768307352,192.168.88.253,35430,1282,,loss_recovery,
2994,317687.590785,116688,18,753142448,768337760,192.168.88.253,35430,411,,congestion_avoidance,
2995,317687.594043,116700,20,753232224,768439120,192.168.88.253,35430,554,,congestion_avoidance,
2996,317687.618529,116800,37,753960568,769179048,192.168.88.253,35430,1724,,congestion_avoidance,
2997,317687.625630,116860,41,754187904,769428104,192.168.88.253,35430,1412,,loss_recovery,
2998,317687.627262,116873,20,754231344,769457064,192.168.88.253,35430,741,,congestion_avoidance,
2999,317687.630320,116900,23,754324016,769552632,192.168.88.253,35430,982,,congestion_avoidance,
3000,317687.647576,116967,35,754835160,770086944,192.168.88.253,35430,1200,,loss_recovery,
3001,317687.648918,116979,17,754872808,770104320,192.168.88.253,35430,234,,congestion_avoidance,
3002,317687.651238,117000,18,754940864,770183960,192.168.88.253,35430,773,,congestion_avoidance,
3003,317687.669529,117100,33,755476624,770734200,192.168.88.253,35430,1400,,congestion_avoidance,
3004,317687.676535,117143,23,755677896,770942712,192.168.88.253,35430,1416,,fast_retransmit,
3005,317687.677290,117149,18,755722784,770961536,192.168.88.253,35430,616,,congestion_avoidance,
3006,317687.685560,117200,25,755968944,771222176,192.168.88.253,35430,967,,congestion_avoidance,
3007,317687.701478,117286,24,756426512,771692776,192.168.88.253,35430,1366,,fast_retransmit,
3008,317687.702258,117291,18,756469952,771710152,192.168.88.253,35430,661,,congestion_avoidance,
3009,317687.703985,117300,19,756514840,771756488,192.168.88.253,35430,727,,congestion_avoidance,
3010,317687.723085,117400,34,757094040,772341480,192.168.88.253,35430,802,,congestion_avoidance,
3011,317687.724421,117408,26,757112864,772380576,192.168.88.253,35430,1294,,fast_retransmit,
3012,317687.725218,117413,17,757154856,772395056,192.168.88.253,35430,683,,congestion_avoidance,
3013,317687.739284,117500,28,757571880,772836696,192.168.88.253,35430,1221,,congestion_avoidance,
3014,317687.747695,117546,34,757815144,773088648,192.168.88.253,35430,1190,,loss_recovery,
3015,317687.748333,117554,17,757844104,773110368,192.168.88.253,35430,592,,congestion_avoidance,
3016,317687.755206,117600,23,758048272,773323224,192.168.88.253,35430,933,,congestion_avoidance,
3017,317687.773552,117700,36,758602856,773898080,192.168.88.253,35430,978,,congestion_avoidance,
3018,317687.777063,117720,38,758699872,774003784,192.168.88.253,35430,1483,,loss_recovery,
3019,317687.778402,117726,19,758741864,774025504,192.168.88.253,35430,453,,congestion_avoidance,
3020,317687.789704,117800,27,759080696,774386056,192.168.88.253,35430,950,,congestion_avoidance,
3021,317687.809228,117900,39,759651208,774959464,192.168.88.253,35430,1329,,congestion_avoidance,
3022,317687.813373,117926,42,759791664,775123088,192.168.88.253,35430,1333,,loss_recovery,
3023,317687.815250,117935,21,759839448,775153496,192.168.88.253,35430,949,,congestion_avoidance,
3024,317687.826351,118000,30,760172488,775496672,192.168.88.253,35430,1375,,congestion_avoidance,
3025,317687.837091,118053,26,760475120,775809440,192.168.88.253,35430,1541,,fast_retransmit,
3026,317687.837823,118058,18,760518560,775829712,192.168.88.253,35430,660,,congestion_avoidance,
3027,317687.845746,118100,25,760744448,776071528,192.168.88.253,35430,909,,congestion_avoidance,
3028,317687.865722,118208,38,761356952,776704304,192.168.88.253,35430,1125,,loss_recovery,
3029,317687.867557,118218,19,761403288,776740504,192.168.88.253,35430,471,,congestion_avoidance,
3030,317687.883403,118300,31,761875336,777234272,192.168.88.253,35430,1250,,congestion_avoidance,
3031,317687.889429,118334,34,762049096,777412376,192.168.88.253,35430,1187,,loss_recovery,
3032,317687.890174,118340,17,762082400,777435544,192.168.88.253,35430,625,,congestion_avoidance,
3033,317687.901068,118400,25,762398064,777768584,192.168.88.253,35430,996,,congestion_avoidance,
3034,317687.918921,118500,37,762932376,778323168,192.168.88.253,35430,1382,,congestion_avoidance,
3035,317687.926507,118540,41,763155368,778573672,192.168.88.253,35430,1369,,loss_recovery,
3036,317687.927520,118547,20,763198808,778602632,192.168.88.253,35430,801,,congestion_avoidance,
3037,317687.934906,118600,26,763416008,778822728,192.168.88.253,35430,1010,,congestion_avoidance,
3038,317687.952961,118700,38,763948872,779370072,192.168.88.253,35430,1621,,congestion_avoidance,
3039,317687.954279,118709,25,763986520,779410616,192.168.88.253,35430,1167,,fast_retransmit,
3040,317687.955374,118715,19,764029960,779438128,192.168.88.253,35430,847,,congestion_avoidance,
3041,317687.969426,118800,30,764441192,779859496,192.168.88.253,35430,1276,,congestion_avoidance,
3042,317687.979971,118853,17,764769888,780182400,192.168.88.253,35430,672,,fast_retransmit,
3043,317687.981149,118862,18,764801744,780209912,192.168.88.253,35430,723,,congestion_avoidance,
3044,317687.987536,118900,24,764984192,780402496,192.168.88.253,35430,933,,congestion_avoidance,
3045,317688.006337,118994,37,765544568,780981696,192.168.88.253,35430,1222,,loss_recovery,
3046,317688.007302,119000,18,765583664,781013552,192.168.88.253,35430,817,,congestion_avoidance,
3047,317688.031512,119098,36,766301872,781743344,192.168.88.253,35430,1397,,loss_recovery,
3048,317688.032080,119100,18,766319248,781743344,192.168.88.253,35430,1749,,loss_recovery,
3049,317688.032506,119103,18,766336624,781769408,192.168.88.253,35430,402,,congestion_avoidance,
3050,317688.052848,119200,33,766943336,782406528,192.168.88.253,35430,1506,,congestion_avoidance,
3051,317688.055411,119208,34,767011392,782458656,192.168.88.253,35430,1614,,loss_recovery,
3052,317688.055938,119212,17,767038904,782480376,192.168.88.253,35430,240,,congestion_avoidance,
3053,317688.076650,119300,33,767642720,783104464,192.168.88.253,35430,1325,,congestion_avoidance,
3054,317688.086958,119351,26,767945352,783417232,192.168.88.253,35430,1359,,fast_retransmit,
3055,317688.087725,119357,19,767991688,783437504,192.168.88.253,35430,624,,congestion_avoidance,
3056,317688.096551,119400,25,768247984,783714072,192.168.88.253,35430,1054,,congestion_avoidance,
3057,317688.118855,119499,26,768905376,784381600,192.168.88.253,35430,1117,,fast_retransmit,
3058,317688.118934,119500,23,768905376,784383048,192.168.88.253,35430,1049,,fast_retransmit,
3059,317688.119838,119507,19,768950264,784409112,192.168.88.253,35430,699,,congestion_avoidance,
3060,317688.143034,119600,36,769638064,785121528,192.168.88.253,35430,1923,,congestion_avoidance,
3061,317688.147377,119615,38,769761144,785244608,192.168.88.253,35430,1352,,loss_recovery,
3062,317688.148854,119620,19,769808928,785275016,192.168.88.253,35430,319,,congestion_avoidance,
3063,317688.170585,119700,34,770456184,785952680,192.168.88.253,35430,1504,,congestion_avoidance,
3064,317688.174517,119717,36,770586504,786088792,192.168.88.253,35430,1059,,loss_recovery,
3065,317688.176259,119723,18,770635736,786119200,192.168.88.253,35430,397,,congestion_avoidance,
3066,317688.199031,119800,35,771319192,786818584,192.168.88.253,35430,684,,congestion_avoidance,
3067,317688.199671,119805,35,771335120,786854784,192.168.88.253,35430,1282,,loss_recovery,
3068,317688.201362,119812,17,771384352,786885192,192.168.88.253,35430,443,,congestion_avoidance,
3069,317688.226689,119900,35,772135864,787671456,192.168.88.253,35430,1459,,congestion_avoidance,
3070,317688.231363,119916,26,772267632,787798880,192.168.88.253,35430,1037,,fast_retransmit,
3071,317688.232360,119923,18,772312520,787824944,192.168.88.253,35430,817,,congestion_avoidance,
3072,317688.252699,119988,34,772907648,788444688,192.168.88.253,35430,975,,loss_recovery,
3073,317688.253462,119998,17,772942400,788462064,192.168.88.253,35430,643,,congestion_avoidance,
3074,317688.253735,120000,17,772948192,788473648,192.168.88.253,35430,446,,congestion_avoidance,
3075,317688.268514,120100,30,773389832,788925424,192.168.88.253,35430,1229,,congestion_avoidance,
3076,317688.283401,120200,39,773822784,789365616,192.168.88.253,35430,1411,,congestion_avoidance,
3077,317688.288378,120245,42,773989304,789556752,192.168.88.253,35430,1433,,loss_recovery,
3078,317688.290156,120256,21,774032744,789579920,192.168.88.253,35430,715,,congestion_avoidance,
3079,317688.295467,120300,25,774192024,789743544,192.168.88.253,35430,1111,,congestion_avoidance,
3080,317688.308388,120400,34,774585880,790151880,192.168.88.253,35430,1334,,congestion_avoidance,
3081,317688.311032,120417,36,774652488,790231520,192.168.88.253,35430,1453,,loss_recovery,
3082,317688.311919,120428,18,774691584,790257584,192.168.88.253,35430,772,,congestion_avoidance,
3083,317688.321924,120500,26,774979736,790554424,192.168.88.253,35430,1075,,congestion_avoidance,
3084,317688.334034,120600,34,775341736,790919320,192.168.88.253,35430,1561,,congestion_avoidance,
3085,317688.346680,120700,41,775729800,791308832,192.168.88.253,35430,686,,congestion_avoidance,
3086,317688.346747,120701,16,775729800,791308832,192.168.88.253,35430,755,,fast_retransmit,
3087,317688.347846,120710,20,775763104,791340688,192.168.88.253,35430,682,,congestion_avoidance,
3088,317688.359057,120800,29,776096144,791686760,192.168.88.253,35430,1213,,congestion_avoidance,
3089,317688.366749,120861,34,776323480,791922784,192.168.88.253,35430,1276,,loss_recovery,
3090,317688.371521,120900,19,776468280,792057448,192.168.88.253,35430,896,,congestion_avoidance,
3091,317688.383903,121000,30,776834624,792444064,192.168.88.253,35430,1094,,congestion_avoidance,
3092,317688.397550,121100,38,777245856,792858192,192.168.88.253,35430,1719,,congestion_avoidance,
3093,317688.403561,121140,41,777415272,793043536,192.168.88.253,35430,1414,,loss_recovery,
3094,317688.404593,121153,20,777455816,793075392,192.168.88.253,35430,815,,congestion_avoidance,
3095,317688.410124,121200,25,777617992,793243360,192.168.88.253,35430,825,,congestion_avoidance,
3096,317688.430030,121300,35,778134928,793753056,192.168.88.253,35430,1421,,congestion_avoidance,
3097,317688.433820,121329,37,778249320,793893512,192.168.88.253,35430,1117,,loss_recovery,
3098,317688.435045,121339,18,778285520,793913784,192.168.88.253,35430,299,,congestion_avoidance,
3099,317688.442921,121400,25,778521544,794161392,192.168.88.253,35430,1106,,congestion_avoidance,
3100,317688.456482,121500,34,778916848,794575520,192.168.88.253,35430,1573,,congestion_avoidance,
3101,317688.456992,121506,34,778934224,794592896,192.168.88.253,35430,1463,,loss_recovery,
3102,317688.457965,121516,17,778970424,794610272,192.168.88.253,35430,416,,congestion_avoidance,
3103,317688.468697,121600,26,779290432,794949104,192.168.88.253,35430,1193,,congestion_avoidance,
3104,317688.484456,121700,37,779768272,795447216,192.168.88.253,35430,1309,,congestion_avoidance,
3105,317688.491954,121742,40,779991264,795677448,192.168.88.253,35430,1235,,loss_recovery,
3106,317688.494045,121755,20,780033256,795706408,192.168.88.253,35430,831,,congestion_avoidance,
3107,317688.509297,121800,32,780500960,796190040,192.168.88.253,35430,1287,,congestion_avoidance,
3108,317688.513290,121831,34,780618248,796317464,192.168.88.253,35430,1423,,loss_recovery,
3109,317688.514520,121841,17,780658792,796336288,192.168.88.253,35430,397,,congestion_avoidance,
3110,317688.522076,121900,23,780883232,796582448,192.168.88.253,35430,965,,congestion_avoidance,
3111,317688.539818,121988,36,781421888,797142824,192.168.88.253,35430,1358,,loss_recovery,
3112,317688.541203,121997,18,781460984,797173232,192.168.88.253,35430,835,,congestion_avoidance,
3113,317688.541884,122000,18,781475464,797186264,192.168.88.253,35430,704,,congestion_avoidance,
3114,317688.553443,122100,28,781821536,797548264,192.168.88.253,35430,1300,,congestion_avoidance,
3115,317688.566017,122200,36,782190776,797913160,192.168.88.253,35430,1453,,congestion_avoidance,
3116,317688.575088,122275,41,782457208,798224480,192.168.88.253,35430,1455,,loss_recovery,
3117,317688.576123,122287,20,782502096,798257784,192.168.88.253,35430,868,,congestion_avoidance,
3118,317688.577777,122300,21,782544088,798296880,192.168.88.253,35430,800,,congestion_avoidance,
3119,317688.588909,122400,30,782884368,798650192,192.168.88.253,35430,1307,,congestion_avoidance,
3120,317688.595000,122450,34,783056680,798834088,192.168.88.253,35430,1490,,loss_recovery,
3121,317688.595882,122460,17,783094328,798858704,192.168.88.253,35430,765,,congestion_avoidance,
3122,317688.600718,122500,22,783240576,799012192,192.168.88.253,35430,764,,congestion_avoidance,
3123,317688.618267,122592,16,783761856,799536368,192.168.88.253,35430,809,,fast_retransmit,
3124,317688.619165,122598,17,783790816,799562432,192.168.88.253,35430,531,,congestion_avoidance,
3125,317688.619323,122600,17,783796608,799562432,192.168.88.253,35430,597,,congestion_avoidance,
3126,317688.636794,122700,32,784314992,800098192,192.168.88.253,35430,1402,,congestion_avoidance,
3127,317688.647437,122764,18,784635000,800412408,192.168.88.253,35430,861,,fast_retransmit,
3128,317688.648375,122771,19,784665408,800441368,192.168.88.253,35430,521,,congestion_avoidance,
3129,317688.653394,122800,23,784810208,800591960,192.168.88.253,35430,944,,congestion_avoidance,
3130,317688.672298,122900,36,785360448,801149440,192.168.88.253,35430,1771,,congestion_avoidance,
3131,317688.685520,122971,22,785751408,801546192,192.168.88.253,35430,1441,,fast_retransmit,
3132,317688.686365,122979,21,785797744,801585288,192.168.88.253,35430,616,,congestion_avoidance,
3133,317688.690768,123000,24,785923720,801708368,192.168.88.253,35430,956,,congestion_avoidance,
3134,317688.704466,123072,34,786327712,802134080,192.168.88.253,35430,1483,,loss_recovery,
3135,317688.705371,123078,17,786363912,802152904,192.168.88.253,35430,686,,congestion_avoidance,
3136,317688.709110,123100,19,786478304,802281776,192.168.88.253,35430,522,,congestion_avoidance,
3137,317688.727731,123200,33,787028544,802836360,192.168.88.253,35430,1261,,congestion_avoidance,
3138,317688.736164,123240,24,787273256,803098448,192.168.88.253,35430,1028,,fast_retransmit,
3139,317688.737187,123248,19,787318144,803120168,192.168.88.253,35430,766,,congestion_avoidance,
3140,317688.746577,123300,27,787593264,803409768,192.168.88.253,35430,1006,,congestion_avoidance,
3141,317688.759070,123352,35,787963952,803793488,192.168.88.253,35430,1254,,loss_recovery,
3142,317688.760393,123359,17,788010288,803822448,192.168.88.253,35430,334,,congestion_avoidance,
3143,317688.769404,123400,24,788275272,804100464,192.168.88.253,35430,935,,congestion_avoidance,
3144,317688.785925,123452,35,788763248,804595680,192.168.88.253,35430,1673,,loss_recovery,
3145,317688.786622,123456,17,788795104,804620296,192.168.88.253,35430,314,,congestion_avoidance,
3146,317688.797503,123500,24,789116560,804950440,192.168.88.253,35430,1037,,congestion_avoidance,
3147,317688.813242,123547,35,789582816,805442760,192.168.88.253,35430,1187,,loss_recovery,
3148,317688.814427,123554,17,789623360,805460136,192.168.88.253,35430,447,,congestion_avoidance,
3149,317688.825740,123600,26,789956400,805806208,192.168.88.253,35430,1038,,congestion_avoidance,
3150,317688.846186,123680,39,790560216,806437536,192.168.88.253,35430,1636,,loss_recovery,
3151,317688.847123,123686,19,790600760,806465048,192.168.88.253,35430,707,,congestion_avoidance,
3152,317688.849828,123700,20,790678952,806553376,192.168.88.253,35430,788,,congestion_avoidance,
3153,317688.872676,123800,37,791368200,807265792,192.168.88.253,35430,981,,congestion_avoidance,
3154,317688.878719,123836,19,791546304,807425072,192.168.88.253,35430,776,,fast_retransmit,
3155,317688.879668,123843,20,791578160,807455480,192.168.88.253,35430,489,,congestion_avoidance,
3156,317688.890241,123900,28,791886584,807762456,192.168.88.253,35430,1514,,congestion_avoidance,
3157,317688.905726,123951,37,792344152,808235952,192.168.88.253,35430,1375,,loss_recovery,
3158,317688.906570,123956,18,792374560,808264912,192.168.88.253,35430,722,,congestion_avoidance,
3159,317688.916429,124000,26,792668504,808563200,192.168.88.253,35430,1059,,congestion_avoidance,
3160,317688.937179,124061,18,793289696,809191632,192.168.88.253,35430,489,,fast_retransmit,
3161,317688.937997,124067,20,793321552,809220592,192.168.88.253,35430,596,,congestion_avoidance,
3162,317688.947513,124100,27,793595224,809492816,192.168.88.253,35430,983,,congestion_avoidance,
3163,317688.960688,124146,36,793999216,809921424,192.168.88.253,35430,1278,,loss_recovery,
3164,317688.962460,124151,18,794048448,809951832,192.168.88.253,35430,568,,congestion_avoidance,
3165,317688.975461,124200,28,794432168,810338448,192.168.88.253,35430,1356,,congestion_avoidance,
3166,317688.988254,124251,36,794811544,810751128,192.168.88.253,35430,1221,,loss_recovery,
3167,317688.989369,124258,18,794850640,810769952,192.168.88.253,35430,387,,congestion_avoidance,
3168,317688.998393,124300,25,795117072,811059552,192.168.88.253,35430,1262,,congestion_avoidance,
3169,317689.010766,124352,34,795490656,811434584,192.168.88.253,35430,1584,,loss_recovery,
3170,317689.011841,124356,17,795525408,811464992,192.168.88.253,35430,563,,congestion_avoidance,
3171,317689.021253,124400,23,795797632,811745904,192.168.88.253,35430,882,,congestion_avoidance,
3172,317689.041985,124493,36,796430408,812407640,192.168.88.253,35430,1641,,loss_recovery,
3173,317689.043771,124500,18,796479640,812425016,192.168.88.253,35430,440,,congestion_avoidance,
3174,317689.068222,124600,35,797196400,813172184,192.168.88.253,35430,1739,,congestion_avoidance,
3175,317689.073310,124628,39,797364368,813380696,192.168.88.253,35430,1568,,loss_recovery,
3176,317689.074776,124638,19,797406360,813399520,192.168.88.253,35430,276,,congestion_avoidance,
3177,317689.087495,124700,28,797782840,813793376,192.168.88.253,35430,1303,,congestion_avoidance,
3178,317689.100191,124744,36,798152080,814195920,192.168.88.253,35430,1316,,loss_recovery,
3179,317689.101248,124751,18,798198416,814221984,192.168.88.253,35430,356,,congestion_avoidance,
3180,317689.110429,124800,25,798470640,814502896,192.168.88.253,35430,849,,congestion_avoidance,
3181,317689.123604,124899,34,798863048,814919920,192.168.88.253,35430,1264,,loss_recovery,
3182,317689.123692,124900,18,798867392,814919920,192.168.88.253,35430,1353,,loss_recovery,
3183,317689.124588,124908,17,798893456,814940192,192.168.88.253,35430,309,,congestion_avoidance,
3184,317689.135534,125000,26,799210568,815274680,192.168.88.253,35430,747,,congestion_avoidance,
3185,317689.148117,125040,35,799602976,815684464,192.168.88.253,35430,1185,,loss_recovery,
3186,317689.149656,125051,17,799643520,815701840,192.168.88.253,35430,371,,congestion_avoidance,
3187,317689.155805,125100,22,799825968,815903112,192.168.88.253,35430,923,,congestion_avoidance,
3188,317689.169567,125200,32,800238648,816323032,192.168.88.253,35430,1418,,congestion_avoidance,
3189,317689.181579,125266,36,800573136,816680688,192.168.88.253,35430,1573,,fast_retransmit,
3190,317689.183207,125272,19,800645536,816721232,192.168.88.253,35430,1113,,congestion_avoidance,
3191,317689.186976,125300,23,800752688,816825488,192.168.88.253,35430,874,,congestion_avoidance,
3192,317689.205050,125400,36,801302928,817393104,192.168.88.253,35430,825,,congestion_avoidance,
3193,317689.206356,125407,24,801318856,817414824,192.168.88.253,35430,1386,,fast_retransmit,
3194,317689.207099,125411,18,801363744,817432200,192.168.88.253,35430,634,,congestion_avoidance,
3195,317689.222101,125500,30,801803936,817898456,192.168.88.253,35430,1341,,congestion_avoidance,
3196,317689.227503,125528,34,801957424,818057736,192.168.88.253,35430,1199,,loss_recovery,
3197,317689.228237,125533,17,801990728,818078008,192.168.88.253,35430,538,,congestion_avoidance,
3198,317689.239402,125600,26,802315080,818416840,192.168.88.253,35430,1145,,congestion_avoidance,
3199,317689.250378,125663,34,802645224,818765808,192.168.88.253,35430,1069,,loss_recovery,
3200,317689.251074,125670,17,802675632,818787528,192.168.88.253,35430,624,,congestion_avoidance,
3201,317689.256264,125700,22,802824776,818943912,192.168.88.253,35430,865,,congestion_avoidance,
3202,317689.273718,125800,35,803346056,819475328,192.168.88.253,35430,1164,,congestion_avoidance,
3203,317689.275241,125809,35,803380808,819526008,192.168.88.253,35430,1412,,loss_recovery,
3204,317689.276170,125817,17,803422800,819550624,192.168.88.253,35430,413,,congestion_avoidance,
3205,317689.289709,125900,28,803826792,819961856,192.168.88.253,35430,1002,,congestion_avoidance,
3206,317689.302296,125966,24,804184448,820338336,192.168.88.253,35430,1480,,fast_retransmit,
3207,317689.302998,125970,18,804227888,820357160,192.168.88.253,35430,673,,congestion_avoidance,
3208,317689.307378,126000,22,804358208,820487480,192.168.88.253,35430,708,,congestion_avoidance,
3209,317689.327218,126100,36,804946096,821084056,192.168.88.253,35430,1515,,congestion_avoidance,
3210,317689.328665,126112,18,804993880,821136184,192.168.88.253,35430,732,,fast_retransmit,
3211,317689.329707,126120,18,805025736,821163696,192.168.88.253,35430,626,,congestion_avoidance,
3212,317689.345980,126200,31,805499232,821647328,192.168.88.253,35430,1328,,congestion_avoidance,
3213,317689.353416,126241,36,805722224,821886248,192.168.88.253,35430,1641,,loss_recovery,
3214,317689.354554,126247,18,805765664,821913760,192.168.88.253,35430,400,,congestion_avoidance,
3215,317689.365324,126300,26,806078432,822238112,192.168.88.253,35430,1008,,congestion_avoidance,
3216,317689.380157,126380,18,806534552,822682648,192.168.88.253,35430,616,,congestion_avoidance,
3217,317689.385169,126400,22,806673560,822834688,192.168.88.253,35430,1070,,congestion_avoidance,
3218,317689.404283,126500,36,807251312,823431264,192.168.88.253,35430,1309,,congestion_avoidance,
3219,317689.412170,126536,40,807491680,823681768,192.168.88.253,35430,1029,,loss_recovery,
3220,317689.413912,126545,20,807538016,823719416,192.168.88.253,35430,566,,congestion_avoidance,
3221,317689.423834,126600,28,807834856,824032184,192.168.88.253,35430,1052,,congestion_avoidance,
3222,317689.433329,126652,35,808117216,824324680,192.168.88.253,35430,1314,,loss_recovery,
3223,317689.434480,126658,17,808153416,824344952,192.168.88.253,35430,490,,congestion_avoidance,
3224,317689.441574,126700,22,808359032,824565048,192.168.88.253,35430,868,,congestion_avoidance,
3225,317689.457011,126780,34,808822392,825044336,192.168.88.253,35430,1466,,loss_recovery,
3226,317689.457984,126787,17,808860040,825061712,192.168.88.253,35430,414,,congestion_avoidance,
3227,317689.460316,126800,18,808928096,825144248,192.168.88.253,35430,603,,congestion_avoidance,
3228,317689.479887,126900,33,809497160,825735032,192.168.88.253,35430,1306,,congestion_avoidance,
3229,317689.484681,126925,36,809644856,825888520,192.168.88.253,35430,1311,,loss_recovery,
3230,317689.485602,126934,18,809683952,825914584,192.168.88.253,35430,749,,congestion_avoidance,
3231,317689.497583,127000,27,810035816,826283824,192.168.88.253,35430,1008,,congestion_avoidance,
3232,317689.506652,127048,34,810303696,826561840,192.168.88.253,35430,1223,,loss_recovery,
3233,317689.507328,127053,17,810335552,826583560,192.168.88.253,35430,632,,congestion_avoidance,
3234,317689.516247,127100,25,810596192,826852888,192.168.88.253,35430,866,,congestion_avoidance,
3235,317689.532699,127200,37,811094304,827361136,192.168.88.253,35430,638,,congestion_avoidance,
3236,317689.532756,127201,17,811094304,827361136,192.168.88.253,35430,696,,fast_retransmit,
3237,317689.533810,127209,18,811127608,827388648,192.168.88.253,35430,639,,congestion_avoidance,
3238,317689.550361,127300,31,811606896,827873728,192.168.88.253,35430,1192,,congestion_avoidance,
3239,317689.557547,127347,36,811824096,828112648,192.168.88.253,35430,1373,,loss_recovery,
3240,317689.558436,127357,18,811863192,828138712,192.168.88.253,35430,704,,congestion_avoidance,
3241,317689.564724,127400,23,812048536,828326952,192.168.88.253,35430,931,,congestion_avoidance,
3242,317689.581014,127500,35,812526376,828825064,192.168.88.253,35430,1160,,congestion_avoidance,
3243,317689.585128,127531,37,812663936,828995928,192.168.88.253,35430,1137,,loss_recovery,
3244,317689.586961,127538,18,812698688,829003168,192.168.88.253,35430,1893,,congestion_avoidance,
3245,317689.601534,127600,28,813107024,829424536,192.168.88.253,35430,1010,,congestion_avoidance,
3246,317689.616731,127700,38,813560248,829886448,192.168.88.253,35430,1813,,congestion_avoidance,
3247,317689.619459,127716,39,813629752,829980568,192.168.88.253,35430,1313,,loss_recovery,
3248,317689.621109,127723,19,813687672,830003736,192.168.88.253,35430,251,,congestion_avoidance,
3249,317689.629727,127800,25,813948312,830293336,192.168.88.253,35430,1215,,congestion_avoidance,
3250,317689.641456,127900,34,814298728,830662576,192.168.88.253,35430,1288,,congestion_avoidance,
3251,317689.646436,127934,36,814439184,830803032,192.168.88.253,35430,1432,,loss_recovery,
3252,317689.647312,127944,18,814478280,830829096,192.168.88.253,35430,737,,congestion_avoidance,
3253,317689.655362,128000,25,814715752,831079600,192.168.88.253,35430,1124,,congestion_avoidance,
3254,317689.669726,128100,35,815150152,831515448,192.168.88.253,35430,940,,congestion_avoidance,
3255,317689.670359,128107,35,815168976,831551648,192.168.88.253,35430,1589,,loss_recovery,
3256,317689.671831,128118,17,815206624,831569024,192.168.88.253,35430,340,,congestion_avoidance,
3257,317689.680685,128200,25,815473056,831857176,192.168.88.253,35430,951,,congestion_avoidance,
3258,317689.696006,128300,35,815924832,832314744,192.168.88.253,35430,1313,,congestion_avoidance,
3259,317689.699301,128321,24,816011712,832407416,192.168.88.253,35430,1311,,fast_retransmit,
3260,317689.700124,128327,18,816056600,832424792,192.168.88.253,35430,663,,congestion_avoidance,
3261,317689.712433,128400,28,816414256,832796928,192.168.88.253,35430,1185,,congestion_avoidance,
3262,317689.720528,128444,34,816654624,833054672,192.168.88.253,35430,1077,,loss_recovery,
3263,317689.721285,128451,17,816685032,833077840,192.168.88.253,35430,676,,congestion_avoidance,
3264,317689.729620,128500,25,816929744,833331240,192.168.88.253,35430,991,,congestion_avoidance,
3265,317689.747371,128594,26,817446680,833865552,192.168.88.253,35430,1460,,fast_retransmit,
3266,317689.748231,128599,18,817490120,833885824,192.168.88.253,35430,789,,congestion_avoidance,
3267,317689.748275,128600,18,817493016,833895960,192.168.88.253,35430,744,,congestion_avoidance,
3268,317689.768872,128700,34,818095384,834512808,192.168.88.253,35430,1438,,congestion_avoidance,
3269,317689.769625,128707,17,818131584,834537424,192.168.88.253,35430,574,,fast_retransmit,
3270,317689.770607,128714,17,818160544,834563488,192.168.88.253,35430,653,,congestion_avoidance,
3271,317689.785480,128800,30,818602184,835022504,192.168.88.253,35430,1115,,congestion_avoidance,
3272,317689.800907,128877,17,819065544,835475728,192.168.88.253,35430,750,,fast_retransmit,
3273,317689.801905,128884,19,819097400,835501792,192.168.88.253,35430,503,,congestion_avoidance,
3274,317689.804766,128900,21,819177040,835587224,192.168.88.253,35430,1011,,congestion_avoidance,
3275,317689.823086,129000,35,819727280,836149048,192.168.88.253,35430,1212,,congestion_avoidance,
3276,317689.830855,129041,39,819940136,836380728,192.168.88.253,35430,1508,,loss_recovery,
3277,317689.830984,129042,24,819940136,836382176,192.168.88.253,35430,1641,,fast_retransmit,
3278,317689.831485,129046,19,819980680,836402448,192.168.88.253,35430,445,,congestion_avoidance,
3279,317689.840814,129100,27,820254352,836693496,192.168.88.253,35430,1227,,congestion_avoidance,
3280,317689.850593,129145,34,820541056,836991784,192.168.88.253,35430,1436,,loss_recovery,
3281,317689.851722,129152,17,820581600,837016400,192.168.88.253,35430,507,,congestion_avoidance,
3282,317689.859693,129200,24,820816176,837265456,192.168.88.253,35430,864,,congestion_avoidance,
3283,317689.874846,129259,35,821252024,837725920,192.168.88.253,35430,1401,,loss_recovery,
3284,317689.875141,129260,17,821252024,837737504,192.168.88.253,35430,1459,,fast_retransmit,
3285,317689.875409,129262,17,821292568,837746192,192.168.88.253,35430,443,,congestion_avoidance,
3286,317689.898671,129342,34,821974576,838461504,192.168.88.253,35430,1124,,loss_recovery,
3287,317689.899679,129349,17,822018016,838486120,192.168.88.253,35430,392,,congestion_avoidance,
3288,317689.912395,129400,28,822393048,838875632,192.168.88.253,35430,1069,,congestion_avoidance,
3289,317689.925304,129443,36,822778216,839276728,192.168.88.253,35430,1524,,loss_recovery,
3290,317689.926264,129448,18,822811520,839295552,192.168.88.253,35430,431,,congestion_avoidance,
3291,317689.937687,129500,27,823150352,839644520,192.168.88.253,35430,1154,,congestion_avoidance,
3292,317689.956444,129560,25,823697696,840217928,192.168.88.253,35430,1303,,fast_retransmit,
3293,317689.957267,129566,19,823741136,840245440,192.168.88.253,35430,698,,congestion_avoidance,
3294,317689.965875,129600,26,823991640,840503184,192.168.88.253,35430,1150,,congestion_avoidance,
3295,317689.983455,129659,20,824507128,841027360,192.168.88.253,35430,1166,,fast_retransmit,
3296,317689.984463,129665,19,824549120,841054872,192.168.88.253,35430,788,,congestion_avoidance,
3297,317689.991460,129700,25,824757632,841251800,192.168.88.253,35430,1082,,congestion_avoidance,
3298,317690.011937,129799,26,825352760,841875888,192.168.88.253,35430,1416,,fast_retransmit,
3299,317690.012020,129800,24,825352760,841878784,192.168.88.253,35430,1500,,fast_retransmit,
3300,317690.012784,129805,19,825400544,841897608,192.168.88.253,35430,650,,congestion_avoidance,
3301,317690.034114,129880,35,826020288,842550656,192.168.88.253,35430,1063,,loss_recovery,
3302,317690.035175,129885,17,826066624,842575272,192.168.88.253,35430,563,,congestion_avoidance,
3303,317690.037659,129900,20,826140472,842669392,192.168.88.253,35430,768,,congestion_avoidance,
3304,317690.059890,130000,36,826797864,843348504,192.168.88.253,35430,1890,,congestion_avoidance,
3305,317690.064234,130021,37,826939768,843491856,192.168.88.253,35430,1365,,loss_recovery,
3306,317690.066114,130028,18,826990448,843523712,192.168.88.253,35430,475,,congestion_avoidance,
3307,317690.084140,130100,32,827514624,844075400,192.168.88.253,35430,1331,,congestion_avoidance,
3308,317690.093351,130139,38,827810016,844382376,192.168.88.253,35430,1573,,loss_recovery,
3309,317690.095167,130147,19,827857800,844417128,192.168.88.253,35430,443,,congestion_avoidance,
3310,317690.108609,130200,28,828257448,844835600,192.168.88.253,35430,901,,congestion_avoidance,
3311,317690.122555,130251,37,828664336,845252624,192.168.88.253,35430,1420,,loss_recovery,
3312,317690.123497,130257,18,828707776,845278688,192.168.88.253,35430,419,,congestion_avoidance,
3313,317690.131953,130300,24,828952488,845540776,192.168.88.253,35430,1061,,congestion_avoidance,
3314,317690.148105,130353,35,829440464,846037440,192.168.88.253,35430,1302,,loss_recovery,
3315,317690.149517,130356,17,829478112,846054816,192.168.88.253,35430,262,,congestion_avoidance,
3316,317690.160589,130400,25,829814048,846415368,192.168.88.253,35430,908,,congestion_avoidance,
3317,317690.178710,130462,38,830361392,846990224,192.168.88.253,35430,1392,,loss_recovery,
3318,317690.180709,130468,19,830404832,847009048,192.168.88.253,35430,370,,congestion_avoidance,
3319,317690.187031,130500,23,830601760,847213216,192.168.88.253,35430,1031,,congestion_avoidance,
3320,317690.204204,130569,35,831114352,847754768,192.168.88.253,35430,1324,,loss_recovery,
3321,317690.205968,130573,17,831159240,847783728,192.168.88.253,35430,357,,congestion_avoidance,
3322,317690.211397,130600,21,831333000,847960384,192.168.88.253,35430,853,,congestion_avoidance,
3323,317690.235457,130679,37,832042520,848703208,192.168.88.253,35430,1767,,loss_recovery,
3324,317690.236172,130682,18,832072928,848729272,192.168.88.253,35430,380,,congestion_avoidance,
3325,317690.240725,130700,21,832209040,848871176,192.168.88.253,35430,1017,,congestion_avoidance,
3326,317690.261689,130784,36,832828784,849502504,192.168.88.253,35430,1297,,loss_recovery,
3327,317690.262285,130787,18,832854848,849521328,192.168.88.253,35430,253,,congestion_avoidance,
3328,317690.264677,130800,19,832922904,849606760,192.168.88.253,35430,657,,congestion_avoidance,
3329,317690.287017,130890,36,833578848,850293112,192.168.88.253,35430,1349,,loss_recovery,
3330,317690.288090,130898,18,833626632,850319176,192.168.88.253,35430,369,,congestion_avoidance,
3331,317690.288561,130900,18,833638216,850332208,192.168.88.253,35430,697,,congestion_avoidance,
3332,317690.312376,131000,35,834341944,851064896,192.168.88.253,35430,1307,,congestion_avoidance,
3333,317690.324438,131059,42,834698152,851435584,192.168.88.253,35430,1458,,loss_recovery,
3334,317690.325456,131066,21,834740144,851457304,192.168.88.253,35430,828,,congestion_avoidance,
3335,317690.331802,131100,26,834925488,851655680,192.168.88.253,35430,1003,,congestion_avoidance,
3336,317690.343506,131167,34,835274456,852019128,192.168.88.253,35430,1254,,loss_recovery,
3337,317690.344186,131173,17,835301968,852039400,192.168.88.253,35430,500,,congestion_avoidance,
3338,317690.348744,131200,20,835436632,852176960,192.168.88.253,35430,806,,congestion_avoidance,
3339,317690.363710,131300,32,835881168,852641768,192.168.88.253,35430,1198,,congestion_avoidance,
3340,317690.376545,131400,39,836266336,853037072,192.168.88.253,35430,1562,,congestion_avoidance,
3341,317690.382889,131444,42,836441544,853223864,192.168.88.253,35430,1606,,loss_recovery,
3342,317690.383720,131457,21,836484984,853245584,192.168.88.253,35430,687,,congestion_avoidance,
3343,317690.401814,131600,34,837020744,853803064,192.168.88.253,35430,1274,,congestion_avoidance,
3344,317690.414075,131691,25,837371160,854159272,192.168.88.253,35430,1439,,fast_retransmit,
3345,317690.414977,131696,20,837413152,854189680,192.168.88.253,35430,779,,congestion_avoidance,
3346,317690.415442,131700,20,837426184,854201264,192.168.88.253,35430,842,,congestion_avoidance,
3347,317690.427604,131800,30,837788184,854566160,192.168.88.253,35430,1005,,congestion_avoidance,
3348,317690.441111,131900,38,838190728,854991872,192.168.88.253,35430,1276,,congestion_avoidance,
3349,317690.447962,131949,41,838397792,855226448,192.168.88.253,35430,1155,,loss_recovery,
3350,317690.449048,131960,20,838435440,855249616,192.168.88.253,35430,331,,congestion_avoidance,
3351,317690.454077,132000,23,838581688,855406000,192.168.88.253,35430,820,,congestion_avoidance,
3352,317690.466653,132100,33,838959616,855796960,192.168.88.253,35430,1473,,congestion_avoidance,
3353,317690.478598,132200,40,839317272,856156064,192.168.88.253,35430,1521,,congestion_avoidance,
3354,317690.482848,132233,41,839428768,856282040,192.168.88.253,35430,1599,,loss_recovery,
3355,317690.483760,132246,20,839473656,856313896,192.168.88.253,35430,765,,congestion_avoidance,
3356,317690.490121,132300,25,839664792,856509376,192.168.88.253,35430,976,,congestion_avoidance,
3357,317690.502762,132400,34,840039824,856897440,192.168.88.253,35430,1564,,congestion_avoidance,
3358,317690.514047,132466,40,840367072,857237720,192.168.88.253,35430,1493,,loss_recovery,
3359,317690.515039,132479,20,840407616,857266680,192.168.88.253,35430,885,,congestion_avoidance,
3360,317690.517621,132500,22,840477120,857340528,192.168.88.253,35430,954,,congestion_avoidance,
3361,317690.529164,132600,31,840827536,857708320,192.168.88.253,35430,912,,congestion_avoidance,
3362,317690.541089,132700,38,841183744,858067424,192.168.88.253,35430,1497,,congestion_avoidance,
3363,317690.544395,132726,40,841273520,858167336,192.168.88.253,35430,1344,,loss_recovery,
3364,317690.545364,132737,20,841316960,858191952,192.168.88.253,35430,848,,congestion_avoidance,
3365,317690.552759,132800,26,841534160,858420736,192.168.88.253,35430,1159,,congestion_avoidance,
3366,317690.564114,132887,34,841865752,858771152,192.168.88.253,35430,1560,,loss_recovery,
3367,317690.565039,132893,17,841903400,858795768,192.168.88.253,35430,834,,congestion_avoidance,
3368,317690.566180,132900,18,841932360,858831968,192.168.88.253,35430,576,,congestion_avoidance,
3369,317690.582880,133000,31,842411648,859327184,192.168.88.253,35430,1394,,congestion_avoidance,
3370,317690.587879,133030,34,842570928,859493704,192.168.88.253,35430,1304,,loss_recovery,
3371,317690.589370,133038,17,842607128,859511080,192.168.88.253,35430,772,,congestion_avoidance,
3372,317690.598833,133100,25,842902520,859829640,192.168.88.253,35430,954,,congestion_avoidance,
3373,317690.609807,133200,33,843228320,860158336,192.168.88.253,35430,1507,,congestion_avoidance,
3374,317690.610762,133208,34,843252936,860193088,192.168.88.253,35430,1364,,loss_recovery,
3375,317690.611559,133217,17,843284792,860210464,192.168.88.253,35430,701,,congestion_avoidance,
3376,317690.621216,133300,26,843570048,860515992,192.168.88.253,35430,1212,,congestion_avoidance,
3377,317690.632307,133400,34,843900192,860850480,192.168.88.253,35430,1587,,congestion_avoidance,
3378,317690.643543,133492,38,844221648,861195104,192.168.88.253,35430,1444,,fast_retransmit,
3379,317690.645115,133499,20,844283912,861225512,192.168.88.253,35430,1381,,congestion_avoidance,
3380,317690.645139,133500,20,844286808,861225512,192.168.88.253,35430,1405,,congestion_avoidance,
3381,317690.667091,133600,36,844944200,861911864,192.168.88.253,35430,1369,,loss_recovery,
3382,317690.668738,133606,18,844991984,861940824,192.168.88.253,35430,261,,congestion_avoidance,
3383,317690.691502,133679,35,845678336,862661928,192.168.88.253,35430,1424,,loss_recovery,
3384,317690.693302,133688,17,845727568,862692336,192.168.88.253,35430,504,,congestion_avoidance,
3385,317690.696516,133700,18,845815896,862782112,192.168.88.253,35430,227,,congestion_avoidance,
3386,317690.718602,133763,35,846487768,863490184,192.168.88.253,35430,1241,,loss_recovery,
3387,317690.720473,133768,17,846537000,863519144,192.168.88.253,35430,310,,congestion_avoidance,
3388,317690.729044,133800,22,846787504,863771096,192.168.88.253,35430,1141,,congestion_avoidance,
3389,317690.750415,133861,24,847420280,864431384,192.168.88.253,35430,1096,,fast_retransmit,
3390,317690.751401,133866,18,847463720,864447312,192.168.88.253,35430,862,,congestion_avoidance,
3391,317690.757818,133900,23,847649064,864648584,192.168.88.253,35430,1116,,congestion_avoidance,
3392,317690.779089,133964,38,848294872,865319008,192.168.88.253,35430,1280,,loss_recovery,
3393,317690.781010,133969,19,848344104,865355208,192.168.88.253,35430,521,,congestion_avoidance,
3394,317690.790580,134000,26,848632256,865663632,192.168.88.253,35430,897,,congestion_avoidance,
3395,317690.810497,134063,38,849215800,866254416,192.168.88.253,35430,1592,,loss_recovery,
3396,317690.811324,134067,19,849253448,866281928,192.168.88.253,35430,719,,congestion_avoidance,
3397,317690.820522,134100,27,849525672,866565736,192.168.88.253,35430,1251,,congestion_avoidance,
3398,317690.833995,134132,35,849925320,866976968,192.168.88.253,35430,1489,,loss_recovery,
3399,317690.834811,134136,17,849955728,866995792,192.168.88.253,35430,377,,congestion_avoidance,
3400,317690.856864,134200,33,850610224,867666216,192.168.88.253,35430,1499,,congestion_avoidance,
3401,317690.862954,134218,25,850782536,867857352,192.168.88.253,35430,854,,fast_retransmit,
3402,317690.863824,134225,18,850825976,867881968,192.168.88.253,35430,767,,congestion_avoidance,
3403,317690.888132,134290,36,851544184,868617552,192.168.88.253,35430,1542,,loss_recovery,
3404,317690.889192,134294,18,851578936,868634928,192.168.88.253,35430,422,,congestion_avoidance,
3405,317690.891352,134300,19,851645544,868710224,192.168.88.253,35430,570,,congestion_avoidance,
3406,317690.914423,134368,36,852340584,869441464,192.168.88.253,35430,1307,,loss_recovery,
3407,317690.916207,134373,18,852386920,869473320,192.168.88.253,35430,481,,congestion_avoidance,
3408,317690.925508,134400,26,852664936,869767264,192.168.88.253,35430,1054,,congestion_avoidance,
3409,317690.939574,134441,35,853077616,870184288,192.168.88.253,35430,1411,,loss_recovery,
3410,317690.940846,134446,17,853125400,870220488,192.168.88.253,35430,633,,congestion_avoidance,
3411,317690.956706,134500,30,853598896,870717152,192.168.88.253,35430,1152,,congestion_avoidance,
3412,317690.973228,134558,39,854086872,871225400,192.168.88.253,35430,1161,,loss_recovery,
3413,317690.973347,134559,19,854086872,871228296,192.168.88.253,35430,1298,,fast_retransmit,
3414,317690.974324,134562,19,854123072,871250016,192.168.88.253,35430,404,,congestion_avoidance,
3415,317690.985474,134600,28,854457560,871598984,192.168.88.253,35430,1002,,congestion_avoidance,
3416,317691.000444,134650,37,854904992,872056552,192.168.88.253,35430,1231,,loss_recovery,
3417,317691.001755,134655,18,854942640,872075376,192.168.88.253,35430,429,,congestion_avoidance,
3418,317691.010738,134700,25,855204728,872359184,192.168.88.253,35430,992,,congestion_avoidance,
3419,317691.025198,134741,35,855637680,872793584,192.168.88.253,35430,1663,,loss_recovery,
3420,317691.025922,134744,17,855666640,872818200,192.168.88.253,35430,244,,congestion_avoidance,
3421,317691.047133,134800,32,856293624,873461112,192.168.88.253,35430,1408,,congestion_avoidance,
3422,317691.055452,134825,17,856549920,873717408,192.168.88.253,35430,392,,fast_retransmit,
3423,317691.056450,134831,19,856581776,873746368,192.168.88.253,35430,654,,congestion_avoidance,
3424,317691.079657,134895,35,857256544,874439960,192.168.88.253,35430,2002,,loss_recovery,
3425,317691.080303,134898,17,857285504,874464576,192.168.88.253,35430,328,,congestion_avoidance,
3426,317691.081050,134900,17,857308672,874476160,192.168.88.253,35430,398,,congestion_avoidance,
3427,317691.103703,135000,33,857987784,875187128,192.168.88.253,35430,1362,,congestion_avoidance,
3428,317691.113181,135036,39,858280280,875498448,192.168.88.253,35430,1289,,loss_recovery,
3429,317691.115095,135044,19,858325168,875515824,192.168.88.253,35430,658,,congestion_avoidance,
3430,317691.129712,135100,31,858763912,875969048,192.168.88.253,35430,1176,,congestion_avoidance,
3431,317691.136662,135132,16,858976768,876187696,192.168.88.253,35430,795,,fast_retransmit,
3432,317691.137714,135137,18,859005728,876215208,192.168.88.253,35430,645,,congestion_avoidance,
3433,317691.150536,135200,29,859389448,876611960,192.168.88.253,35430,819,,congestion_avoidance,
3434,317691.163390,135258,37,859768824,877002920,192.168.88.253,35430,1176,,loss_recovery,
3435,317691.164481,135265,18,859807920,877018848,192.168.88.253,35430,287,,congestion_avoidance,
3436,317691.173360,135300,25,860070008,877292520,192.168.88.253,35430,877,,congestion_avoidance,
3437,317691.194102,135368,38,860683960,877918056,192.168.88.253,35430,1942,,loss_recovery,
3438,317691.194675,135371,19,860710024,877936880,192.168.88.253,35430,515,,congestion_avoidance,
3439,317691.201993,135400,23,860921432,878167112,192.168.88.253,35430,942,,congestion_avoidance,
3440,317691.220879,135462,36,861494840,878765136,192.168.88.253,35430,1475,,loss_recovery,
3441,317691.222724,135467,18,861539728,878782512,192.168.88.253,35430,415,,congestion_avoidance,
3442,317691.230106,135500,24,861767064,879038808,192.168.88.253,35430,1051,,congestion_avoidance,
3443,317691.254873,135588,19,862463552,879749776,192.168.88.253,35430,2166,,fast_retransmit,
3444,317691.255143,135590,19,862509888,879762808,192.168.88.253,35430,715,,congestion_avoidance,
3445,317691.258169,135600,21,862604008,879862720,192.168.88.253,35430,655,,congestion_avoidance,
3446,317691.278894,135672,36,863216512,880504184,192.168.88.253,35430,1220,,loss_recovery,
3447,317691.280093,135678,18,863262848,880531696,192.168.88.253,35430,438,,congestion_avoidance,
3448,317691.283803,135700,20,863374344,880651880,192.168.88.253,35430,824,,congestion_avoidance,
3449,317691.308132,135800,37,864105584,881401944,192.168.88.253,35430,1207,,congestion_avoidance,
3450,317691.310440,135815,38,864175088,881481584,192.168.88.253,35430,1626,,loss_recovery,
3451,317691.312434,135819,19,864219976,881501856,192.168.88.253,35430,396,,congestion_avoidance,
3452,317691.333619,135900,33,864852752,882152008,192.168.88.253,35430,1520,,congestion_avoidance,
3453,317691.339612,135932,37,865045336,882372104,192.168.88.253,35430,1436,,loss_recovery,
3454,317691.341450,135936,18,865088776,882393824,192.168.88.253,35430,375,,congestion_avoidance,
3455,317691.356778,136000,30,865553584,882889040,192.168.88.253,35430,1175,,congestion_avoidance,
3456,317691.372823,136066,39,866038664,883388600,192.168.88.253,35430,1277,,loss_recovery,
3457,317691.374409,136074,19,866083552,883407424,192.168.88.253,35430,317,,congestion_avoidance,
3458,317691.381343,136100,23,866286272,883615936,192.168.88.253,35430,1079,,congestion_avoidance,
3459,317691.401661,136174,18,866892984,884232784,192.168.88.253,35430,429,,congestion_avoidance,
3460,317691.407680,136200,22,867076880,884425368,192.168.88.253,35430,974,,congestion_avoidance,
3461,317691.427547,136274,36,867670560,885045112,192.168.88.253,35430,1244,,loss_recovery,
3462,317691.429178,136277,18,867706760,885075520,192.168.88.253,35430,519,,congestion_avoidance,
3463,317691.434741,136300,22,867883416,885249280,192.168.88.253,35430,891,,congestion_avoidance,
3464,317691.458372,136391,38,868594384,885999344,192.168.88.253,35430,1581,,loss_recovery,
3465,317691.460142,136396,19,868640720,886019616,192.168.88.253,35430,424,,congestion_avoidance,
3466,317691.461305,136400,19,868672576,886064504,192.168.88.253,35430,450,,congestion_avoidance,
3467,317691.485318,136483,36,869400920,886821808,192.168.88.253,35430,1412,,loss_recovery,
3468,317691.487028,136488,18,869444360,886852216,192.168.88.253,35430,507,,congestion_avoidance,
3469,317691.489684,136500,20,869525448,886939096,192.168.88.253,35430,660,,congestion_avoidance,
3470,317691.509768,136600,35,870133608,887548704,192.168.88.253,35430,866,,congestion_avoidance,
3471,317691.512941,136613,23,870208904,887638480,192.168.88.253,35430,1156,,fast_retransmit,
3472,317691.513877,136619,18,870250896,887664544,192.168.88.253,35430,681,,congestion_avoidance,
3473,317691.537388,136689,36,870957520,888398680,192.168.88.253,35430,1442,,loss_recovery,
3474,317691.539106,136694,18,871003856,888416056,192.168.88.253,35430,374,,congestion_avoidance,
3475,317691.540483,136700,18,871045848,888466736,192.168.88.253,35430,421,,congestion_avoidance,
3476,317691.566653,136772,38,871832112,889293544,192.168.88.253,35430,1709,,loss_recovery,
3477,317691.568654,136776,19,871877000,889315264,192.168.88.253,35430,396,,congestion_avoidance,
3478,317691.575811,136800,23,872102888,889548392,192.168.88.253,35430,984,,congestion_avoidance,
3479,317691.596252,136848,25,872699464,890171032,192.168.88.253,35430,833,,fast_retransmit,
3480,317691.597135,136855,18,872742904,890194200,192.168.88.253,35430,692,,congestion_avoidance,
3481,317691.611607,136900,30,873165720,890622808,192.168.88.253,35430,960,,congestion_avoidance,
3482,317691.622888,136937,37,873511792,890992048,192.168.88.253,35430,1474,,loss_recovery,
3483,317691.624710,136941,18,873561024,891023904,192.168.88.253,35430,319,,congestion_avoidance,
3484,317691.634503,137000,26,873852072,891325088,192.168.88.253,35430,1118,,congestion_avoidance,
3485,317691.651595,137086,34,874309640,891801480,192.168.88.253,35430,1541,,loss_recovery,
3486,317691.652392,137094,17,874341496,891820304,192.168.88.253,35430,671,,congestion_avoidance,
3487,317691.653158,137100,17,874363216,891843472,192.168.88.253,35430,743,,congestion_avoidance,
3488,317691.672797,137200,30,874906216,892395160,192.168.88.253,35430,1538,,congestion_avoidance,
3489,317691.679995,137227,35,875129208,892647112,192.168.88.253,35430,1442,,loss_recovery,
3490,317691.681648,137236,17,875172648,892664488,192.168.88.253,35430,315,,congestion_avoidance,
3491,317691.699531,137300,31,875702616,893208936,192.168.88.253,35430,1110,,congestion_avoidance,
3492,317691.709055,137336,25,875973392,893501432,192.168.88.253,35430,1358,,fast_retransmit,
3493,317691.709836,137341,18,876016832,893521704,192.168.88.253,35430,672,,congestion_avoidance,
3494,317691.730177,137400,33,876620648,894125520,192.168.88.253,35430,1465,,congestion_avoidance,
3495,317691.732556,137413,35,876690152,894225432,192.168.88.253,35430,1234,,loss_recovery,
3496,317691.733599,137424,17,876726352,894244256,192.168.88.253,35430,396,,congestion_avoidance,
3497,317691.742243,137500,24,876985544,894517928,192.168.88.253,35430,950,,congestion_avoidance,
3498,317691.753431,137600,32,877321480,894862552,192.168.88.253,35430,1041,,congestion_avoidance,
3499,317691.764805,137685,18,877658864,895195592,192.168.88.253,35430,646,,fast_retransmit,
3500,317691.765952,137690,19,877695064,895224552,192.168.88.253,35430,788,,congestion_avoidance,
3501,317691.768459,137700,21,877766016,895295504,192.168.88.253,35430,362,,congestion_avoidance,
3502,317691.791305,137770,37,878442232,895989096,192.168.88.253,35430,1610,,loss_recovery,
3503,317691.792116,137774,18,878474088,896007920,192.168.88.253,35430,393,,congestion_avoidance,
3504,317691.797160,137800,21,878621784,896171544,192.168.88.253,35430,814,,congestion_avoidance,
3505,317691.817136,137900,36,879228496,896797080,192.168.88.253,35430,1170,,congestion_avoidance,
3506,317691.817455,137903,36,879238632,896815904,192.168.88.253,35430,1487,,loss_recovery,
3507,317691.818936,137908,18,879277728,896834728,192.168.88.253,35430,833,,congestion_avoidance,
3508,317691.841787,138000,35,879964080,897545696,192.168.88.253,35430,696,,congestion_avoidance,
3509,317691.843285,138007,35,879998832,897583344,192.168.88.253,35430,1603,,loss_recovery,
3510,317691.844084,138012,17,880029240,897602168,192.168.88.253,35430,387,,congestion_avoidance,
3511,317691.868089,138089,35,880744552,898347888,192.168.88.253,35430,1088,,loss_recovery,
3512,317691.869549,138093,17,880782200,898373952,192.168.88.253,35430,196,,congestion_avoidance,
3513,317691.871151,138100,17,880831432,898423184,192.168.88.253,35430,339,,congestion_avoidance,
3514,317691.895643,138177,35,881568464,899186280,192.168.88.253,35430,1520,,loss_recovery,
3515,317691.897118,138181,17,881606112,899215240,192.168.88.253,35430,334,,congestion_avoidance,
3516,317691.901188,138200,18,881736432,899349904,192.168.88.253,35430,756,,congestion_avoidance,
3517,317691.921346,138252,34,882333008,899949376,192.168.88.253,35430,1347,,loss_recovery,
3518,317691.922038,138255,17,882351832,899978336,192.168.88.253,35430,380,,congestion_avoidance,
3519,317691.936111,138300,27,882776096,900409840,192.168.88.253,35430,1214,,congestion_avoidance,
3520,317691.950883,138334,37,883226424,900892024,192.168.88.253,35430,1441,,loss_recovery,
3521,317691.952986,138338,18,883277104,900913744,192.168.88.253,35430,335,,congestion_avoidance,
3522,317691.977670,138400,35,884022824,901682632,192.168.88.253,35430,1231,,congestion_avoidance,
3523,317691.980725,138410,37,884108256,901807160,192.168.88.253,35430,1335,,loss_recovery,
3524,317691.981919,138413,18,884143008,901827432,192.168.88.253,35430,431,,congestion_avoidance,
3525,317692.008435,138489,18,884942304,902647000,192.168.88.253,35430,723,,fast_retransmit,
3526,317692.009470,138496,18,884972712,902674512,192.168.88.253,35430,597,,congestion_avoidance,
3527,317692.010354,138500,19,884995880,902697680,192.168.88.253,35430,1095,,congestion_avoidance,
3528,317692.034146,138562,36,885711192,903439056,192.168.88.253,35430,1210,,loss_recovery,
3529,317692.035799,138567,18,885760424,903465120,192.168.88.253,35430,422,,congestion_avoidance,
3530,317692.049386,138600,29,886162968,903890832,192.168.88.253,35430,598,,congestion_avoidance,
3531,317692.060106,138623,36,886474288,904202152,192.168.88.253,35430,1663,,loss_recovery,
3532,317692.060831,138625,19,886504696,904229664,192.168.88.253,35430,239,,congestion_avoidance,
3533,317692.084795,138690,35,887221456,904969592,192.168.88.253,35430,1269,,loss_recovery,
3534,317692.085782,138694,17,887250416,904989864,192.168.88.253,35430,361,,congestion_avoidance,
3535,317692.087671,138700,17,887306888,905049232,192.168.88.253,35430,459,,congestion_avoidance,
3536,317692.115665,138789,38,888148176,905931064,192.168.88.253,35430,907,,loss_recovery,
3537,317692.117433,138797,19,888191616,905954232,192.168.88.253,35430,457,,congestion_avoidance,
3538,317692.117896,138800,19,888207544,905967264,192.168.88.253,35430,397,,congestion_avoidance,
3539,317692.140599,138900,35,888879416,906675336,192.168.88.253,35430,1745,,congestion_avoidance,
3540,317692.144489,138920,23,888986568,906783936,192.168.88.253,35430,1374,,fast_retransmit,
3541,317692.145239,138924,18,889031456,906802760,192.168.88.253,35430,702,,congestion_avoidance,
3542,317692.166705,139000,35,889674368,907470288,192.168.88.253,35430,1265,,congestion_avoidance,
3543,317692.167495,139001,35,889680160,907496352,192.168.88.253,35430,1333,,loss_recovery,
3544,317692.168518,139007,17,889723600,907520968,192.168.88.253,35430,388,,congestion_avoidance,
3545,317692.188355,139100,32,890311488,908118992,192.168.88.253,35430,1269,,congestion_avoidance,
3546,317692.195114,139121,36,890512760,908344880,192.168.88.253,35430,1185,,loss_recovery,
3547,317692.196961,139126,18,890556200,908375288,192.168.88.253,35430,647,,congestion_avoidance,
3548,317692.213895,139200,31,891073136,908902360,192.168.88.253,35430,1415,,congestion_avoidance,
3549,317692.224378,139228,18,891354048,909202096,192.168.88.253,35430,1733,,fast_retransmit,
3550,317692.224646,139230,18,891398936,909215128,192.168.88.253,35430,682,,congestion_avoidance,
3551,317692.246805,139284,35,892060672,909894240,192.168.88.253,35430,1253,,loss_recovery,
3552,317692.248114,139287,17,892102664,909918856,192.168.88.253,35430,403,,congestion_avoidance,
3553,317692.251277,139300,17,892195336,910027456,192.168.88.253,35430,726,,congestion_avoidance,
3554,317692.275854,139363,36,892922232,910780416,192.168.88.253,35430,1143,,loss_recovery,
3555,317692.277007,139367,18,892964224,910807928,192.168.88.253,35430,353,,congestion_avoidance,
3556,317692.288222,139400,27,893298712,911143864,192.168.88.253,35430,1344,,congestion_avoidance,
3557,317692.297753,139423,34,893579624,911452288,192.168.88.253,35430,1052,,loss_recovery,
3558,317692.298855,139428,17,893617272,911481248,192.168.88.253,35430,423,,congestion_avoidance,
3559,317692.321512,139500,35,894302176,912189320,192.168.88.253,35430,1355,,congestion_avoidance,
3560,317692.329400,139522,38,894517928,912409416,192.168.88.253,35430,1489,,loss_recovery,
3561,317692.330701,139526,19,894568608,912429688,192.168.88.253,35430,294,,congestion_avoidance,
3562,317692.355767,139600,35,895315776,913198576,192.168.88.253,35430,1183,,congestion_avoidance,
3563,317692.359744,139617,38,895440304,913346272,192.168.88.253,35430,1319,,loss_recovery,
3564,317692.361507,139620,19,895485192,913367992,192.168.88.253,35430,350,,congestion_avoidance,
3565,317692.386934,139690,36,896249736,914171632,192.168.88.253,35430,1315,,loss_recovery,
3566,317692.388014,139694,18,896283040,914190456,192.168.88.253,35430,397,,congestion_avoidance,
3567,317692.390269,139700,19,896351096,914265752,192.168.88.253,35430,703,,congestion_avoidance,
3568,317692.416005,139766,38,897121432,915067944,192.168.88.253,35430,1234,,loss_recovery,
3569,317692.417495,139770,19,897166320,915091112,192.168.88.253,35430,393,,congestion_avoidance,
3570,317692.428573,139800,26,897495016,915419808,192.168.88.253,35430,994,,congestion_avoidance,
3571,317692.443211,139837,36,897930864,915894752,192.168.88.253,35430,1340,,loss_recovery,
3572,317692.444374,139841,18,897969960,915915024,192.168.88.253,35430,268,,congestion_avoidance,
3573,317692.467508,139900,34,898663552,916623096,192.168.88.253,35430,1447,,congestion_avoidance,
3574,317692.470251,139909,36,898740296,916724456,192.168.88.253,35430,1388,,loss_recovery,
3575,317692.471893,139912,18,898779392,916754864,192.168.88.253,35430,321,,congestion_avoidance,
3576,317692.503219,139987,38,899719144,917717784,192.168.88.253,35430,1802,,loss_recovery,
3577,317692.504167,139990,19,899755344,917745296,192.168.88.253,35430,491,,congestion_avoidance,
3578,317692.507120,140000,21,899842224,917842312,192.168.88.253,35430,921,,congestion_avoidance,
3579,317692.528333,140062,36,900466312,918479432,192.168.88.253,35430,1756,,loss_recovery,
3580,317692.529122,140064,19,900498168,918506944,192.168.88.253,35430,326,,congestion_avoidance,
3581,317692.540769,140100,26,900842792,918853016,192.168.88.253,35430,1382,,congestion_avoidance,
3582,317692.561667,140156,39,901463984,919494480,192.168.88.253,35430,1889,,loss_recovery,
3583,317692.562441,140159,19,901498736,919521992,192.168.88.253,35430,358,,congestion_avoidance,
3584,317692.577972,140200,30,901951960,919986800,192.168.88.253,35430,1492,,congestion_avoidance,
3585,317692.588357,140233,37,902277760,920343008,192.168.88.253,35430,1429,,loss_recovery,
3586,317692.590078,140238,18,902322648,920361832,192.168.88.253,35430,382,,congestion_avoidance,
3587,317692.610300,140300,33,902922120,920984472,192.168.88.253,35430,1510,,congestion_avoidance,
3588,317692.615947,140324,36,903092984,921171264,192.168.88.253,35430,1236,,loss_recovery,
3589,317692.617736,140328,18,903137872,921203120,192.168.88.253,35430,342,,congestion_avoidance,
3590,317692.637094,140400,32,903721416,921814176,192.168.88.253,35430,1086,,congestion_avoidance,
3591,317692.641080,140417,35,903844496,921935808,192.168.88.253,35430,1081,,loss_recovery,
3592,317692.642663,140421,17,903883592,921954632,192.168.88.253,35430,275,,congestion_avoidance,
3593,317692.663896,140500,32,904517816,922622160,192.168.88.253,35430,1399,,congestion_avoidance,
3594,317692.678183,140556,40,904930496,923059456,192.168.88.253,35430,1642,,loss_recovery,
3595,317692.678839,140557,20,904930496,923072488,192.168.88.253,35430,2111,,fast_retransmit,
3596,317692.679061,140559,20,904969592,923082624,192.168.88.253,35430,661,,congestion_avoidance,
3597,317692.691209,140600,29,905340280,923454760,192.168.88.253,35430,1139,,congestion_avoidance,
3598,317692.703585,140635,25,905699384,923835584,192.168.88.253,35430,822,,fast_retransmit,
3599,317692.704406,140641,18,905742824,923861648,192.168.88.253,35430,613,,congestion_avoidance,
3600,317692.725260,140700,34,906343744,924479944,192.168.88.253,35430,1441,,congestion_avoidance,
3601,317692.732820,140729,25,906571080,924710176,192.168.88.253,35430,1290,,fast_retransmit,
3602,317692.733726,140736,19,906617416,924737688,192.168.88.253,35430,691,,congestion_avoidance,
3603,317692.750010,140800,32,907099600,925234352,192.168.88.253,35430,1200,,congestion_avoidance,
3604,317692.761963,140846,39,907457256,925600696,192.168.88.253,35430,1284,,loss_recovery,
3605,317692.763218,140850,19,907493456,925623864,192.168.88.253,35430,393,,congestion_avoidance,
3606,317692.775404,140900,26,907849664,925985864,192.168.88.253,35430,1320,,congestion_avoidance,
3607,317692.791303,140951,37,908328952,926491216,192.168.88.253,35430,1448,,loss_recovery,
3608,317692.792255,140956,18,908362256,926510040,192.168.88.253,35430,322,,congestion_avoidance,
3609,317692.803544,141000,27,908702536,926872040,192.168.88.253,35430,798,,congestion_avoidance,
3610,317692.818010,141044,36,909121008,927291960,192.168.88.253,35430,1731,,loss_recovery,
3611,317692.818562,141047,18,909152864,927319472,192.168.88.253,35430,277,,congestion_avoidance,
3612,317692.834145,141100,30,909613328,927806000,192.168.88.253,35430,1391,,congestion_avoidance,
3613,317692.843350,141133,35,909885552,928076776,192.168.88.253,35430,1442,,loss_recovery,
3614,317692.844213,141138,17,909915960,928095600,192.168.88.253,35430,370,,congestion_avoidance,
3615,317692.857417,141200,27,910302576,928493800,192.168.88.253,35430,1370,,congestion_avoidance,
3616,317692.874000,141263,37,910809376,929033904,192.168.88.253,35430,1618,,loss_recovery,
3617,317692.875996,141267,18,910852816,929055624,192.168.88.253,35430,412,,congestion_avoidance,
3618,317692.882666,141300,23,911061328,929278616,192.168.88.253,35430,1041,,congestion_avoidance,
3619,317692.905294,141376,38,911741888,929989584,192.168.88.253,35430,1618,,loss_recovery,
3620,317692.907315,141380,19,911789672,930008408,192.168.88.253,35430,441,,congestion_avoidance,
3621,317692.911158,141400,20,911915648,930153208,192.168.88.253,35430,839,,congestion_avoidance,
3622,317692.932263,141467,36,912549872,930812048,192.168.88.253,35430,1181,,loss_recovery,
3623,317692.933989,141472,18,912599104,930842456,192.168.88.253,35430,522,,congestion_avoidance,
3624,317692.940568,141500,23,912793136,931042280,192.168.88.253,35430,881,,congestion_avoidance,
3625,317692.961965,141563,37,913433152,931708360,192.168.88.253,35430,1230,,loss_recovery,
3626,317692.963204,141568,18,913469352,931730080,192.168.88.253,35430,425,,congestion_avoidance,
3627,317692.970874,141600,24,913693792,931963208,192.168.88.253,35430,1047,,congestion_avoidance,
3628,317692.986684,141642,35,914164392,932446840,192.168.88.253,35430,1449,,loss_recovery,
3629,317692.987826,141645,17,914206384,932471456,192.168.88.253,35430,313,,congestion_avoidance,
3630,317693.008444,141700,31,914817440,933108576,192.168.88.253,35430,1229,,congestion_avoidance,
3631,317693.015552,141721,36,915040432,933354736,192.168.88.253,35430,1337,,loss_recovery,
3632,317693.017353,141725,18,915089664,933386592,192.168.88.253,35430,561,,congestion_avoidance,
3633,317693.043427,141794,36,915862896,934185888,192.168.88.253,35430,1453,,loss_recovery,
3634,317693.044511,141798,18,915901992,934206160,192.168.88.253,35430,309,,congestion_avoidance,
3635,317693.045310,141800,18,915925160,934229328,192.168.88.253,35430,311,,congestion_avoidance,
3636,317693.072727,141879,37,916734592,935074960,192.168.88.253,35430,1640,,loss_recovery,
3637,317693.073196,141884,18,916760656,935093784,192.168.88.253,35430,440,,congestion_avoidance,
3638,317693.077084,141900,20,916873600,935211072,192.168.88.253,35430,826,,congestion_avoidance,
3639,317693.098951,141960,36,917532440,935906112,192.168.88.253,35430,1140,,loss_recovery,
3640,317693.100595,141964,18,917575880,935926384,192.168.88.253,35430,374,,congestion_avoidance,
3641,317693.113223,142000,28,917946568,936317344,192.168.88.253,35430,1167,,congestion_avoidance,
3642,317693.122010,142023,34,918214448,936591016,192.168.88.253,35430,1643,,loss_recovery,
3643,317693.123030,142026,17,918247752,936621424,192.168.88.253,35430,459,,congestion_avoidance,
3644,317693.145445,142100,33,918906592,937299088,192.168.88.253,35430,1033,,congestion_avoidance,
3645,317693.151082,142126,37,919090488,937503256,192.168.88.253,35430,1486,,loss_recovery,
3646,317693.153011,142130,18,919133928,937523528,192.168.88.253,35430,451,,congestion_avoidance,
3647,317693.172883,142200,33,919729056,938144720,192.168.88.253,35430,1392,,congestion_avoidance,
3648,317693.186314,142266,39,920127256,938560296,192.168.88.253,35430,1278,,loss_recovery,
3649,317693.187591,142273,19,920177936,938592152,192.168.88.253,35430,376,,congestion_avoidance,
3650,317693.193509,142300,22,920353144,938770256,192.168.88.253,35430,842,,congestion_avoidance,
3651,317693.213876,142366,36,920951168,939384208,192.168.88.253,35430,1721,,loss_recovery,
3652,317693.214477,142370,18,920983024,939411720,192.168.88.253,35430,360,,congestion_avoidance,
3653,317693.222344,142400,24,921208912,939649192,192.168.88.253,35430,1025,,congestion_avoidance,
3654,317693.241155,142463,36,921777976,940232736,192.168.88.253,35430,1220,,loss_recovery,
3655,317693.242504,142467,18,921817072,940264592,192.168.88.253,35430,317,,congestion_avoidance,
3656,317693.251930,142500,25,922093640,940551296,192.168.88.253,35430,852,,congestion_avoidance,
3657,317693.268810,142600,36,922594648,941078368,192.168.88.253,35430,1417,,congestion_avoidance,
3658,317693.274386,142642,39,922762616,941246336,192.168.88.253,35430,1383,,loss_recovery,
3659,317693.275332,142654,19,922801712,941278192,192.168.88.253,35430,814,,congestion_avoidance,
3660,317693.281192,142700,23,922972576,941456296,192.168.88.253,35430,988,,congestion_avoidance,
3661,317693.293770,142800,32,923343264,941825536,192.168.88.253,35430,1070,,congestion_avoidance,
3662,317693.305036,142888,36,923669064,942180296,192.168.88.253,35430,1443,,fast_retransmit,
3663,317693.306469,142895,19,923729880,942209256,192.168.88.253,35430,1184,,congestion_avoidance,
3664,317693.306993,142900,19,923748704,942225184,192.168.88.253,35430,741,,congestion_avoidance,
3665,317693.324981,143000,33,924274328,942775424,192.168.88.253,35430,1533,,congestion_avoidance,
3666,317693.338464,143077,41,924671080,943180864,192.168.88.253,35430,1437,,loss_recovery,
3667,317693.339459,143083,20,924714520,943201136,192.168.88.253,35430,881,,congestion_avoidance,
3668,317693.342175,143100,22,924795608,943295256,192.168.88.253,35430,927,,congestion_avoidance,
3669,317693.365212,143200,34,925332816,943836808,192.168.88.253,35430,1339,,congestion_avoidance,
3670,317693.366546,143208,34,925364672,943886040,192.168.88.253,35430,1305,,loss_recovery,
3671,317693.367109,143215,17,925395080,943906312,192.168.88.253,35430,415,,congestion_avoidance,
3672,317693.397124,143300,28,925854096,944362432,192.168.88.253,35430,330,,congestion_avoidance,
3673,317693.406098,143354,34,926124872,944667960,192.168.88.253,35430,1487,,loss_recovery,
3674,317693.406921,143359,17,926159624,944686784,192.168.88.253,35430,718,,congestion_avoidance,
3675,317693.412441,143400,22,926323248,944864888,192.168.88.253,35430,914,,congestion_avoidance,
3676,317693.429759,143500,34,926828600,945381824,192.168.88.253,35430,1166,,congestion_avoidance,
3677,317693.437035,143543,38,927041456,945604816,192.168.88.253,35430,1554,,loss_recovery,
3678,317693.437604,143552,19,927077656,945623640,192.168.88.253,35430,522,,congestion_avoidance,
3679,317693.445730,143600,25,927319472,945881384,192.168.88.253,35430,885,,congestion_avoidance,
3680,317693.457811,143666,34,927669888,946249176,192.168.88.253,35430,1166,,loss_recovery,
3681,317693.458594,143675,17,927703192,946270896,192.168.88.253,35430,656,,congestion_avoidance,
3682,317693.462375,143700,20,927817584,946395424,192.168.88.253,35430,781,,congestion_avoidance,
3683,317693.479210,143800,33,928315696,946913808,192.168.88.253,35430,913,,congestion_avoidance,
3684,317693.482709,143825,35,928427192,947032544,192.168.88.253,35430,1512,,loss_recovery,
3685,317693.484121,143832,17,928467736,947049920,192.168.88.253,35430,265,,congestion_avoidance,
3686,317693.494829,143900,26,928781952,947387304,192.168.88.253,35430,1112,,congestion_avoidance,
3687,317693.508169,144000,35,929177256,947795640,192.168.88.253,35430,1412,,congestion_avoidance,
3688,317693.520084,144100,41,929536360,948156192,192.168.88.253,35430,1482,,congestion_avoidance,
3689,317693.522096,144114,42,929585592,948217008,192.168.88.253,35430,1384,,loss_recovery,
3690,317693.523160,144127,21,929633376,948247416,192.168.88.253,35430,960,,congestion_avoidance,
3691,317693.532596,144200,28,929904152,948528328,192.168.88.253,35430,1032,,congestion_avoidance,
3692,317693.545073,144300,36,930284976,948922184,192.168.88.253,35430,1577,,congestion_avoidance,
3693,317693.555470,144384,42,930580368,949234952,192.168.88.253,35430,1400,,loss_recovery,
3694,317693.555539,144385,23,930580368,949236400,192.168.88.253,35430,1486,,fast_retransmit,
3695,317693.556433,144393,21,930622360,949271152,192.168.88.253,35430,749,,congestion_avoidance,
3696,317693.557123,144400,21,930645528,949292872,192.168.88.253,35430,766,,congestion_avoidance,
3697,317693.576355,144500,35,931226176,949883656,192.168.88.253,35430,1012,,congestion_avoidance,
3698,317693.576902,144502,35,931231968,949901032,192.168.88.253,35430,1215,,loss_recovery,
3699,317693.577926,144514,17,931271064,949918408,192.168.88.253,35430,327,,congestion_avoidance,
3700,317693.587899,144600,26,931566456,950232624,192.168.88.253,35430,1172,,congestion_avoidance,
3701,317693.601988,144659,35,931984928,950665576,192.168.88.253,35430,1334,,loss_recovery,
3702,317693.602849,144667,17,932016784,950682952,192.168.88.253,35430,241,,congestion_avoidance,
3703,317693.611431,144700,24,932271632,950956624,192.168.88.253,35430,1011,,congestion_avoidance,
3704,317693.626894,144737,35,932726304,951430120,192.168.88.253,35430,1295,,loss_recovery,
3705,317693.627834,144743,17,932763952,951447496,192.168.88.253,35430,237,,congestion_avoidance,
3706,317693.650391,144800,34,933437272,952143984,192.168.88.253,35430,743,,congestion_avoidance,
3707,317693.651882,144811,35,933473472,952194664,192.168.88.253,35430,1294,,loss_recovery,
3708,317693.653408,144820,17,933524152,952219280,192.168.88.253,35430,201,,congestion_avoidance,
3709,317693.667029,144900,28,933922352,952640648,192.168.88.253,35430,1060,,congestion_avoidance,
3710,317693.684783,145000,37,934392952,953130072,192.168.88.253,35430,1354,,congestion_avoidance,
3711,317693.688931,145028,26,934503000,953234328,192.168.88.253,35430,1269,,fast_retransmit,
3712,317693.689882,145033,19,934544992,953250256,192.168.88.253,35430,845,,congestion_avoidance,
3713,317693.713128,145100,28,934977944,953700584,192.168.88.253,35430,1132,,congestion_avoidance,
3714,317693.721279,145159,34,935218312,953956880,192.168.88.253,35430,1245,,loss_recovery,
3715,317693.722335,145168,17,935253064,953977152,192.168.88.253,35430,418,,congestion_avoidance,
3716,317693.725941,145200,19,935360216,954090096,192.168.88.253,35430,728,,congestion_avoidance,
3717,317693.745418,145300,35,935949552,954686672,192.168.88.253,35430,983,,congestion_avoidance,
3718,317693.753494,145359,19,936187024,954928488,192.168.88.253,35430,648,,fast_retransmit,
3719,317693.754426,145367,19,936218880,954957448,192.168.88.253,35430,495,,congestion_avoidance,
3720,317693.758055,145400,22,936318792,955051568,192.168.88.253,35430,796,,congestion_avoidance,
3721,317693.772395,145500,33,936741608,955497552,192.168.88.253,35430,1056,,congestion_avoidance,
3722,317693.782741,145559,18,937058720,955801632,192.168.88.253,35430,643,,fast_retransmit,
3723,317693.783688,145565,19,937092024,955830592,192.168.88.253,35430,564,,congestion_avoidance,
3724,317693.787646,145600,23,937207864,955947880,192.168.88.253,35430,911,,congestion_avoidance,
3725,317693.800049,145700,32,937569864,956327256,192.168.88.253,35430,1177,,congestion_avoidance,
3726,317693.809433,145762,37,937844984,956611064,192.168.88.253,35430,1364,,loss_recovery,
3727,317693.810384,145770,18,937882632,956641472,192.168.88.253,35430,803,,congestion_avoidance,
3728,317693.814763,145800,22,938014400,956779032,192.168.88.253,35430,1053,,congestion_avoidance,
3729,317693.833566,145867,35,938576224,957362576,192.168.88.253,35430,1174,,loss_recovery,
3730,317693.836003,145872,18,938637040,957400224,192.168.88.253,35430,304,,congestion_avoidance,
3731,317693.845808,145900,26,938933880,957708648,192.168.88.253,35430,1163,,congestion_avoidance,
3732,317693.860729,145935,36,939374072,958183592,192.168.88.253,35430,1422,,loss_recovery,
3733,317693.861661,145940,18,939413168,958209656,192.168.88.253,35430,347,,congestion_avoidance,
3734,317693.878637,146000,30,939911280,958723696,192.168.88.253,35430,1125,,congestion_avoidance,
3735,317693.884223,146014,34,940073456,958891664,192.168.88.253,35430,1527,,loss_recovery,
3736,317693.884992,146017,17,940106760,958914832,192.168.88.253,35430,431,,congestion_avoidance,
3737,317693.913553,146095,36,940955288,959802456,192.168.88.253,35430,1627,,loss_recovery,
3738,317693.914668,146098,18,940994384,959837208,192.168.88.253,35430,602,,congestion_avoidance,
3739,317693.915400,146100,19,941017552,959860376,192.168.88.253,35430,507,,congestion_avoidance,
3740,317693.944782,146189,19,941874768,960745104,192.168.88.253,35430,1288,,fast_retransmit,
3741,317693.945421,146194,19,941916760,960771168,192.168.88.253,35430,554,,congestion_avoidance,
3742,317693.946655,146200,20,941951512,960797232,192.168.88.253,35430,835,,congestion_avoidance,
3743,317693.965218,146290,34,942490168,961363400,192.168.88.253,35430,1417,,loss_recovery,
3744,317693.965809,146295,17,942523472,961383672,192.168.88.253,35430,521,,congestion_avoidance,
3745,317693.966935,146300,17,942555328,961418424,192.168.88.253,35430,455,,congestion_avoidance,
3746,317693.988298,146400,33,943196792,962091744,192.168.88.253,35430,1219,,congestion_avoidance,
3747,317694.002319,146464,41,943600784,962505872,192.168.88.253,35430,1459,,loss_recovery,
3748,317694.003343,146470,20,943645672,962534832,192.168.88.253,35430,871,,congestion_avoidance,
3749,317694.008164,146500,24,943787576,962688320,192.168.88.253,35430,1126,,congestion_avoidance,
3750,317694.025861,146600,36,944317544,963228424,192.168.88.253,35430,1352,,congestion_avoidance,
3751,317694.033486,146642,40,944534744,963460104,192.168.88.253,35430,1395,,loss_recovery,
3752,317694.034501,146650,20,944578184,963489064,192.168.88.253,35430,873,,congestion_avoidance,
3753,317694.046372,146700,29,944928600,963852512,192.168.88.253,35430,1294,,congestion_avoidance,
3754,317694.052900,146732,34,945124080,964055232,192.168.88.253,35430,1456,,loss_recovery,
3755,317694.054072,146736,17,945155936,964072608,192.168.88.253,35430,357,,congestion_avoidance,
3756,317694.064638,146800,25,945477392,964411440,192.168.88.253,35430,977,,congestion_avoidance,
3757,317694.080264,146854,35,945936408,964884936,192.168.88.253,35430,1599,,loss_recovery,
3758,317694.081047,146858,17,945966816,964903760,192.168.88.253,35430,374,,congestion_avoidance,
3759,317694.092491,146900,26,946298408,965258520,192.168.88.253,35430,1145,,congestion_avoidance,
3760,317694.108516,146946,37,946793624,965774008,192.168.88.253,35430,1197,,loss_recovery,
3761,317694.109978,146952,18,946834168,965794280,192.168.88.253,35430,598,,congestion_avoidance,
3762,317694.123498,147000,29,947233816,966208408,192.168.88.253,35430,1377,,congestion_avoidance,
3763,317694.133594,147036,36,947542240,966542896,192.168.88.253,35430,1193,,loss_recovery,
3764,317694.135397,147044,18,947587128,966568960,192.168.88.253,35430,644,,congestion_avoidance,
3765,317694.148507,147100,28,947973744,966975848,192.168.88.253,35430,1215,,congestion_avoidance,
3766,317694.165361,147173,27,948474752,967485544,192.168.88.253,35430,1173,,fast_retransmit,
3767,317694.166224,147180,19,948518192,967513056,192.168.88.253,35430,656,,congestion_avoidance,
3768,317694.169948,147200,22,948619552,967610072,192.168.88.253,35430,974,,congestion_avoidance,
3769,317694.188578,147267,35,949174136,968182032,192.168.88.253,35430,1678,,loss_recovery,
3770,317694.189542,147271,17,949210336,968199408,192.168.88.253,35430,248,,congestion_avoidance,
3771,317694.196601,147300,21,949423192,968425296,192.168.88.253,35430,705,,congestion_avoidance,
3772,317694.221102,147400,38,950151536,969182600,192.168.88.253,35430,1643,,congestion_avoidance,
3773,317694.223135,147412,39,950199320,969239072,192.168.88.253,35430,1495,,loss_recovery,
3774,317694.224114,147418,19,950244208,969266584,192.168.88.253,35430,808,,congestion_avoidance,
3775,317694.246461,147500,35,950901600,969923976,192.168.88.253,35430,1804,,congestion_avoidance,
3776,317694.250455,147523,37,951036264,970115112,192.168.88.253,35430,1128,,loss_recovery,
3777,317694.252955,147530,18,951091288,970128144,192.168.88.253,35430,287,,congestion_avoidance,
3778,317694.272455,147600,32,951682072,970734856,192.168.88.253,35430,1426,,congestion_avoidance,
3779,317694.278249,147621,35,951851488,970918752,192.168.88.253,35430,1658,,loss_recovery,
3780,317694.279005,147626,17,951886240,970936128,192.168.88.253,35430,308,,congestion_avoidance,
3781,317694.296516,147700,30,952404624,971492160,192.168.88.253,35430,1274,,congestion_avoidance,
3782,317694.306399,147734,36,952708704,971804928,192.168.88.253,35430,1292,,loss_recovery,
3783,317694.308128,147742,18,952753592,971830992,192.168.88.253,35430,388,,congestion_avoidance,
3784,317694.325067,147800,31,953256048,972340688,192.168.88.253,35430,1343,,congestion_avoidance,
3785,317694.332667,147826,35,953486280,972585400,192.168.88.253,35430,1680,,loss_recovery,
3786,317694.333584,147830,17,953515240,972602776,192.168.88.253,35430,372,,congestion_avoidance,
3787,317694.351418,147900,30,954045208,973148672,192.168.88.253,35430,1445,,congestion_avoidance,
3788,317694.360748,147933,36,954330464,973462888,192.168.88.253,35430,1390,,loss_recovery,
3789,317694.362417,147939,18,954378248,973497640,192.168.88.253,35430,472,,congestion_avoidance,
3790,317694.382101,148000,33,954961792,974091320,192.168.88.253,35430,1374,,congestion_avoidance,
3791,317694.384845,148007,34,955038536,974179648,192.168.88.253,35430,1252,,loss_recovery,
3792,317694.385598,148012,17,955070392,974197024,192.168.88.253,35430,484,,congestion_avoidance,
3793,317694.411602,148098,36,955836384,974991976,192.168.88.253,35430,1593,,loss_recovery,
3794,317694.412048,148100,18,955852312,975006456,192.168.88.253,35430,1852,,loss_recovery,
3795,317694.412376,148103,18,955871136,975018040,192.168.88.253,35430,362,,congestion_avoidance,
3796,317694.439072,148200,37,956671880,975843400,192.168.88.253,35430,1748,,congestion_avoidance,
3797,317694.445405,148230,39,956860120,976050464,192.168.88.253,35430,1135,,loss_recovery,
3798,317694.447263,148234,19,956912248,976083768,192.168.88.253,35430,542,,congestion_avoidance,
3799,317694.468568,148300,34,957540680,976717992,192.168.88.253,35430,1619,,congestion_avoidance,
3800,317694.469606,148304,35,957572536,976784600,192.168.88.253,35430,991,,loss_recovery,
3801,317694.470685,148309,17,957608736,976800528,192.168.88.253,35430,440,,congestion_avoidance,
3802,317694.496971,148400,35,958389208,977596928,192.168.88.253,35430,1404,,congestion_avoidance,
3803,317694.499124,148408,37,958451472,977676568,192.168.88.253,35430,1675,,loss_recovery,
3804,317694.499921,148413,18,958487672,977708424,192.168.88.253,35430,558,,congestion_avoidance,
3805,317694.522116,148486,34,959145064,978391880,192.168.88.253,35430,1335,,loss_recovery,
3806,317694.523070,148492,17,959176920,978420840,192.168.88.253,35430,742,,congestion_avoidance,
3807,317694.524504,148500,18,959220360,978459936,192.168.88.253,35430,602,,congestion_avoidance,
3808,317694.549153,148579,36,959945808,979227376,192.168.88.253,35430,1592,,loss_recovery,
3809,317694.550005,148582,18,959982008,979260680,192.168.88.253,35430,564,,congestion_avoidance,
3810,317694.553727,148600,21,960094952,979385208,192.168.88.253,35430,858,,congestion_avoidance,
3811,317694.579991,148700,38,960869632,980168576,192.168.88.253,35430,1207,,congestion_avoidance,
3812,317694.581822,148707,39,960924656,980225048,192.168.88.253,35430,1721,,loss_recovery,
3813,317694.582529,148711,19,960952168,980256904,192.168.88.253,35430,683,,congestion_avoidance,
3814,317694.609190,148795,37,961751464,981076472,192.168.88.253,35430,1288,,loss_recovery,
3815,317694.610448,148798,18,961784768,981098192,192.168.88.253,35430,390,,congestion_avoidance,
3816,317694.610992,148800,18,961806488,981111224,192.168.88.253,35430,330,,congestion_avoidance,
3817,317694.636194,148900,36,962559448,981891696,192.168.88.253,35430,1454,,congestion_avoidance,
3818,317694.637770,148914,37,962611576,981966992,192.168.88.253,35430,1508,,loss_recovery,
3819,317694.639411,148920,18,962655016,981987264,192.168.88.253,35430,422,,congestion_avoidance,
3820,317694.661910,149000,35,963331232,982682304,192.168.88.253,35430,634,,congestion_avoidance,
3821,317694.661957,149001,17,963331232,982682304,192.168.88.253,35430,698,,fast_retransmit,
3822,317694.662839,149008,17,963360192,982702576,192.168.88.253,35430,574,,congestion_avoidance,
3823,317694.686133,149100,35,964042200,983399064,192.168.88.253,35430,1294,,congestion_avoidance,
3824,317694.694666,149133,25,964289808,983658256,192.168.88.253,35430,760,,fast_retransmit,
3825,317694.695654,149141,20,964334696,983688664,192.168.88.253,35430,780,,congestion_avoidance,
3826,317694.713549,149200,33,964861768,984231664,192.168.88.253,35430,1314,,congestion_avoidance,
3827,317694.717386,149215,25,964950096,984322888,192.168.88.253,35430,1794,,fast_retransmit,
3828,317694.717840,149219,17,964992088,984337368,192.168.88.253,35430,848,,congestion_avoidance,
3829,317694.740011,149300,34,965652376,985022272,192.168.88.253,35430,1511,,congestion_avoidance,
3830,317694.744215,149319,36,965785592,985167072,192.168.88.253,35430,1408,,loss_recovery,
3831,317694.745890,149324,18,965830480,985184448,192.168.88.253,35430,376,,congestion_avoidance,
3832,317694.765471,149400,33,966415472,985792608,192.168.88.253,35430,725,,congestion_avoidance,
3833,317694.770296,149424,36,966554480,985963472,192.168.88.253,35430,1305,,loss_recovery,
3834,317694.771262,149431,18,966589232,985990984,192.168.88.253,35430,786,,congestion_avoidance,
3835,317694.792129,149500,33,967204632,986613624,192.168.88.253,35430,1605,,congestion_avoidance,
3836,317694.798992,149524,38,967417488,986845304,192.168.88.253,35430,1317,,loss_recovery,
3837,317694.800267,149527,19,967452240,986868472,192.168.88.253,35430,406,,congestion_avoidance,
3838,317694.819255,149600,32,968022752,987465048,192.168.88.253,35430,1566,,congestion_avoidance,
3839,317694.824276,149621,35,968164656,987608400,192.168.88.253,35430,1726,,loss_recovery,
3840,317694.825327,149626,17,968202304,987637360,192.168.88.253,35430,362,,congestion_avoidance,
3841,317694.847505,149700,33,968866936,988335296,192.168.88.253,35430,1506,,congestion_avoidance,
3842,317694.850983,149716,35,968966848,988435208,192.168.88.253,35430,1324,,loss_recovery,
3843,317694.852058,149725,17,969004496,988452584,192.168.88.253,35430,376,,congestion_avoidance,
3844,317694.871262,149800,32,969570664,989034680,192.168.88.253,35430,1510,,congestion_avoidance,
3845,317694.880436,149850,38,969858816,989366272,192.168.88.253,35430,1025,,loss_recovery,
3846,317694.882239,149860,19,969900808,989374960,192.168.88.253,35430,1826,,congestion_avoidance,
3847,317694.897471,149900,30,970355480,989838320,192.168.88.253,35430,1347,,congestion_avoidance,
3848,317694.911663,149969,39,970791328,990300232,192.168.88.253,35430,1254,,loss_recovery,
3849,317694.913843,149975,19,970842008,990330640,192.168.88.253,35430,319,,congestion_avoidance,
3850,317694.919812,150000,23,971028800,990531912,192.168.88.253,35430,822,,congestion_avoidance,
3851,317694.938103,150065,35,971570352,991083600,192.168.88.253,35430,1610,,loss_recovery,
3852,317694.938911,150070,17,971597864,991112560,192.168.88.253,35430,762,,congestion_avoidance,
3853,317694.944776,150100,22,971774520,991284872,192.168.88.253,35430,786,,congestion_avoidance,
3854,317694.965376,150182,36,972382680,991908960,192.168.88.253,35430,1582,,loss_recovery,
3855,317694.966421,150185,18,972424672,991948056,192.168.88.253,35430,500,,congestion_avoidance,
3856,317694.970175,150200,20,972534720,992061000,192.168.88.253,35430,765,,congestion_avoidance,
3857,317694.992190,150293,36,973195008,992754592,192.168.88.253,35430,1344,,loss_recovery,
3858,317694.993943,150297,19,973244240,992786448,192.168.88.253,35430,307,,congestion_avoidance,
3859,317694.995400,150300,19,973283336,992825544,192.168.88.253,35430,637,,congestion_avoidance,
3860,317695.023953,150379,38,974142000,993714616,192.168.88.253,35430,1254,,loss_recovery,
3861,317695.025662,150382,19,974185440,993734888,192.168.88.253,35430,306,,congestion_avoidance,
3862,317695.031462,150400,21,974367888,993931816,192.168.88.253,35430,769,,congestion_avoidance,
3863,317695.051091,150452,35,974951432,994538528,192.168.88.253,35430,1268,,loss_recovery,
3864,317695.051982,150456,17,974980392,994558800,192.168.88.253,35430,314,,congestion_avoidance,
3865,317695.067719,150500,29,975449544,995052568,192.168.88.253,35430,815,,congestion_avoidance,
3866,317695.076286,150517,35,975698600,995300176,192.168.88.253,35430,1544,,loss_recovery,
3867,317695.077496,150520,17,975742040,995324792,192.168.88.253,35430,345,,congestion_avoidance,
3868,317695.104588,150593,36,976557264,996189248,192.168.88.253,35430,1300,,loss_recovery,
3869,317695.106472,150597,18,976606496,996219656,192.168.88.253,35430,279,,congestion_avoidance,
3870,317695.107697,150600,18,976645592,996258752,192.168.88.253,35430,460,,congestion_avoidance,
3871,317695.130230,150655,35,977317464,996955240,192.168.88.253,35430,1282,,loss_recovery,
3872,317695.131705,150658,17,977355112,996984200,192.168.88.253,35430,358,,congestion_avoidance,
3873,317695.146008,150700,28,977792408,997433080,192.168.88.253,35430,852,,congestion_avoidance,
3874,317695.159459,150729,36,978189160,997845760,192.168.88.253,35430,1328,,loss_recovery,
3875,317695.160999,150732,18,978228256,997876168,192.168.88.253,35430,345,,congestion_avoidance,
3876,317695.183973,150800,33,978918952,998571208,192.168.88.253,35430,1326,,congestion_avoidance,
3877,317695.190192,150824,37,979112984,998799992,192.168.88.253,35430,1624,,loss_recovery,
3878,317695.192344,150828,18,979165112,998821712,192.168.88.253,35430,387,,congestion_avoidance,
3879,317695.217715,150894,36,979932552,999639832,192.168.88.253,35430,1419,,loss_recovery,
3880,317695.218723,150900,18,979957168,999648520,192.168.88.253,35430,1780,,loss_recovery,
3881,317695.219003,150905,18,979974544,999665896,192.168.88.253,35430,751,,congestion_avoidance,
3882,317695.244530,150969,35,980726056,1000428992,192.168.88.253,35430,1737,,loss_recovery,
3883,317695.245228,150972,17,980755016,1000453608,192.168.88.253,35430,200,,congestion_avoidance,
3884,317695.253083,151000,22,980991040,1000693976,192.168.88.253,35430,752,,congestion_avoidance,
3885,317695.273477,151057,37,981603544,1001341232,192.168.88.253,35430,1304,,loss_recovery,
3886,317695.275326,151062,18,981654224,1001375984,192.168.88.253,35430,434,,congestion_avoidance,
3887,317695.289229,151100,29,982066904,1001813280,192.168.88.253,35430,1343,,congestion_avoidance,
3888,317695.306020,151162,39,982575152,1002340352,192.168.88.253,35430,1132,,loss_recovery,
3889,317695.307858,151166,19,982622936,1002373656,192.168.88.253,35430,657,,congestion_avoidance,
3890,317695.316886,151200,26,982892264,1002651672,192.168.88.253,35430,1228,,congestion_avoidance,
3891,317695.329688,151242,34,983270192,1003042632,192.168.88.253,35430,1459,,loss_recovery,
3892,317695.330629,151249,17,983304944,1003067248,192.168.88.253,35430,745,,congestion_avoidance,
3893,317695.341200,151300,27,983620608,1003403184,192.168.88.253,35430,1321,,congestion_avoidance,
3894,317695.357266,151358,37,984092656,1003886816,192.168.88.253,35430,964,,loss_recovery,
3895,317695.358362,151364,18,984136096,1003912880,192.168.88.253,35430,495,,congestion_avoidance,
3896,317695.367144,151400,26,984392392,1004180760,192.168.88.253,35430,961,,congestion_avoidance,
3897,317695.378129,151452,34,984726880,1004526832,192.168.88.253,35430,1526,,loss_recovery,
3898,317695.379328,151456,17,984761632,1004557240,192.168.88.253,35430,551,,congestion_avoidance,
3899,317695.387412,151500,24,985004896,1004817880,192.168.88.253,35430,1046,,congestion_avoidance,
3900,317695.410858,151600,38,985701384,1005528848,192.168.88.253,35430,1488,,congestion_avoidance,
3901,317695.415142,151618,40,985815776,1005651928,192.168.88.253,35430,1572,,loss_recovery,
3902,317695.416115,151625,20,985860664,1005685232,192.168.88.253,35430,654,,congestion_avoidance,
3903,317695.435849,151700,34,986441312,1006274568,192.168.88.253,35430,1552,,congestion_avoidance,
3904,317695.438149,151709,35,986516608,1006355656,192.168.88.253,35430,1583,,loss_recovery,
3905,317695.439173,151714,17,986551360,1006386064,192.168.88.253,35430,575,,congestion_avoidance,
3906,317695.463926,151800,35,987292736,1007163640,192.168.88.253,35430,1085,,congestion_avoidance,
3907,317695.471426,151833,38,987520072,1007392424,192.168.88.253,35430,1609,,loss_recovery,
3908,317695.473273,151837,19,987562064,1007412696,192.168.88.253,35430,379,,congestion_avoidance,
3909,317695.489431,151900,30,988044248,1007903568,192.168.88.253,35430,1431,,congestion_avoidance,
3910,317695.498397,151927,36,988325160,1008217784,192.168.88.253,35430,1360,,loss_recovery,
3911,317695.500137,151932,18,988374392,1008249640,192.168.88.253,35430,490,,congestion_avoidance,
3912,317695.518232,152000,32,988908704,1008799880,192.168.88.253,35430,1117,,congestion_avoidance,
3913,317695.523485,152023,22,989046264,1008951920,192.168.88.253,35430,1660,,fast_retransmit,
3914,317695.524060,152026,17,989088256,1008969296,192.168.88.253,35430,606,,congestion_avoidance,
3915,317695.540398,152100,31,989576232,1009477544,192.168.88.253,35430,1171,,congestion_avoidance,
3916,317695.553493,152200,39,989974432,1009882984,192.168.88.253,35430,1524,,congestion_avoidance,
3917,317695.554562,152204,24,989978776,1009884432,192.168.88.253,35430,1436,,fast_retransmit,
3918,317695.555307,152209,19,990022216,1009906152,192.168.88.253,35430,614,,congestion_avoidance,
3919,317695.567153,152300,29,990374080,1010273944,192.168.88.253,35430,1098,,congestion_avoidance,
3920,317695.579493,152385,25,990725944,1010634496,192.168.88.253,35430,1327,,fast_retransmit,
3921,317695.580246,152390,18,990769384,1010654768,192.168.88.253,35430,649,,congestion_avoidance,
3922,317695.581903,152400,19,990817168,1010711240,192.168.88.253,35430,578,,congestion_avoidance,
3923,317695.596214,152500,31,991245776,1011151432,192.168.88.253,35430,1470,,congestion_avoidance,
3924,317695.602068,152518,17,991420984,1011316504,192.168.88.253,35430,661,,fast_retransmit,
3925,317695.602991,152525,17,991451392,1011342568,192.168.88.253,35430,559,,congestion_avoidance,
3926,317695.623595,152600,33,992056656,1011944936,192.168.88.253,35430,1460,,congestion_avoidance,
3927,317695.631796,152635,38,992312952,1012235984,192.168.88.253,35430,1319,,loss_recovery,
3928,317695.633557,152640,19,992357840,1012256256,192.168.88.253,35430,378,,congestion_avoidance,
3929,317695.655972,152700,35,993036952,1012961432,192.168.88.253,35430,565,,congestion_avoidance,
3930,317695.657826,152710,36,993077496,1013013560,192.168.88.253,35430,1733,,loss_recovery,
3931,317695.658651,152717,18,993113696,1013030936,192.168.88.253,35430,744,,congestion_avoidance,
3932,317695.680064,152800,34,993749368,1013683984,192.168.88.253,35430,1027,,congestion_avoidance,
3933,317695.686755,152820,38,993941952,1013895392,192.168.88.253,35430,1477,,loss_recovery,
3934,317695.688072,152823,19,993986840,1013917112,192.168.88.253,35430,247,,congestion_avoidance,
3935,317695.718132,152900,38,994891840,1014852520,192.168.88.253,35430,874,,congestion_avoidance,
3936,317695.719368,152904,39,994912112,1014906096,192.168.88.253,35430,1506,,loss_recovery,
3937,317695.720220,152909,19,994949760,1014933608,192.168.88.253,35430,788,,congestion_avoidance,
3938,317695.739517,153000,32,995510136,1015520048,192.168.88.253,35430,1470,,congestion_avoidance,
3939,317695.754922,153100,41,995959016,1015964584,192.168.88.253,35430,1438,,congestion_avoidance,
3940,317695.757068,153113,42,996024176,1016047120,192.168.88.253,35430,1481,,loss_recovery,
3941,317695.758055,153124,21,996069064,1016077528,192.168.88.253,35430,867,,congestion_avoidance,
3942,317695.772870,153200,30,996483192,1016498896,192.168.88.253,35430,1082,,congestion_avoidance,
3943,317695.786294,153288,18,996892976,1016910128,192.168.88.253,35430,461,,fast_retransmit,
3944,317695.787315,153295,19,996924832,1016939088,192.168.88.253,35430,563,,congestion_avoidance,
3945,317695.788077,153300,19,996940760,1016950672,192.168.88.253,35430,945,,congestion_avoidance,
3946,317695.813450,153393,37,997709648,1017749968,192.168.88.253,35430,744,,loss_recovery,
3947,317695.814176,153400,18,997729920,1017760104,192.168.88.253,35430,1469,,loss_recovery,
3948,317695.814903,153404,18,997750192,1017778928,192.168.88.253,35430,945,,congestion_avoidance,
3949,317695.839019,153479,36,998474192,1018533336,192.168.88.253,35430,1213,,loss_recovery,
3950,317695.840822,153489,18,998523424,1018559400,192.168.88.253,35430,441,,congestion_avoidance,
3951,317695.842960,153500,19,998578448,1018628904,192.168.88.253,35430,670,,congestion_avoidance,
3952,317695.864521,153568,35,999224256,1019299328,192.168.88.253,35430,1296,,loss_recovery,
3953,317695.865504,153576,17,999261904,1019318152,192.168.88.253,35430,299,,congestion_avoidance,
3954,317695.873592,153600,24,999496480,1019559968,192.168.88.253,35430,1070,,congestion_avoidance,
3955,317695.891131,153654,36,1000030792,1020126136,192.168.88.253,35430,1221,,loss_recovery,
3956,317695.892573,153663,18,1000069888,1020144960,192.168.88.253,35430,833,,congestion_avoidance,
3957,317695.899492,153700,24,1000269712,1020357816,192.168.88.253,35430,1014,,congestion_avoidance,
3958,317695.917188,153800,36,1000793888,1020893576,192.168.88.253,35430,1141,,congestion_avoidance,
3959,317695.924991,153848,40,1001027016,1021145528,192.168.88.253,35430,1289,,loss_recovery,
3960,317695.926120,153857,20,1001070456,1021164352,192.168.88.253,35430,374,,congestion_avoidance,
3961,317695.932573,153900,25,1001260144,1021372864,192.168.88.253,35430,926,,congestion_avoidance,
3962,317695.949218,154000,36,1001755360,1021888352,192.168.88.253,35430,1223,,congestion_avoidance,
3963,317695.953029,154021,18,1001871200,1021985368,192.168.88.253,35430,876,,fast_retransmit,
3964,317695.954336,154030,19,1001904504,1022014328,192.168.88.253,35430,1017,,congestion_avoidance,
3965,317695.965570,154100,28,1002240440,1022356056,192.168.88.253,35430,978,,congestion_avoidance,
3966,317695.974728,154161,34,1002512664,1022642760,192.168.88.253,35430,1242,,loss_recovery,
3967,317695.975415,154165,17,1002545968,1022663032,192.168.88.253,35430,511,,congestion_avoidance,
3968,317695.982682,154200,22,1002758824,1022891816,192.168.88.253,35430,963,,congestion_avoidance,
3969,317695.999788,154276,34,1003259832,1023413096,192.168.88.253,35430,1185,,loss_recovery,
3970,317696.000427,154281,17,1003291688,1023434816,192.168.88.253,35430,548,,congestion_avoidance,
3971,317696.005243,154300,21,1003435040,1023578168,192.168.88.253,35430,986,,congestion_avoidance,
3972,317696.026501,154400,36,1004060576,1024222528,192.168.88.253,35430,1376,,congestion_avoidance,
3973,317696.030892,154427,38,1004205376,1024389048,192.168.88.253,35430,1409,,loss_recovery,
3974,317696.032858,154431,19,1004250264,1024409320,192.168.88.253,35430,440,,congestion_avoidance,
3975,317696.049311,154500,30,1004739688,1024927704,192.168.88.253,35430,1320,,congestion_avoidance,
3976,317696.058342,154526,36,1005013360,1025210064,192.168.88.253,35430,1075,,loss_recovery,
3977,317696.059410,154532,18,1005056800,1025236128,192.168.88.253,35430,343,,congestion_avoidance,
3978,317696.077500,154600,31,1005585320,1025771888,192.168.88.253,35430,1008,,congestion_avoidance,
3979,317696.085021,154634,37,1005822792,1026042664,192.168.88.253,35430,1363,,loss_recovery,
3980,317696.086533,154641,18,1005864784,1026062936,192.168.88.253,35430,299,,congestion_avoidance,
3981,317696.101868,154700,30,1006318008,1026537880,192.168.88.253,35430,1495,,congestion_avoidance,
3982,317696.107924,154725,34,1006493216,1026726120,192.168.88.253,35430,1561,,loss_recovery,
3983,317696.108921,154731,17,1006529416,1026756528,192.168.88.253,35430,808,,congestion_avoidance,
3984,317696.129979,154800,33,1007156400,1027406680,192.168.88.253,35430,1341,,congestion_avoidance,
3985,317696.136563,154829,37,1007363464,1027619536,192.168.88.253,35430,830,,loss_recovery,
3986,317696.138103,154837,18,1007402560,1027654288,192.168.88.253,35430,1091,,congestion_avoidance,
3987,317696.154189,154900,31,1007877504,1028136472,192.168.88.253,35430,1078,,congestion_avoidance,
3988,317696.160487,154922,35,1008068640,1028342088,192.168.88.253,35430,1288,,loss_recovery,
3989,317696.161716,154930,17,1008112080,1028359464,192.168.88.253,35430,321,,congestion_avoidance,
3990,317696.177731,155000,30,1008584128,1028854680,192.168.88.253,35430,1180,,congestion_avoidance,
3991,317696.187001,155042,36,1008870832,1029166000,192.168.88.253,35430,1257,,loss_recovery,
3992,317696.188552,155051,18,1008911376,1029192064,192.168.88.253,35430,956,,congestion_avoidance,
3993,317696.199848,155100,26,1009244416,1029522208,192.168.88.253,35430,1182,,congestion_avoidance,
3994,317696.211600,155131,34,1009590488,1029882760,192.168.88.253,35430,1571,,loss_recovery,
3995,317696.212196,155135,17,1009619448,1029910272,192.168.88.253,35430,275,,congestion_avoidance,
3996,317696.229318,155200,29,1010130592,1030441688,192.168.88.253,35430,541,,congestion_avoidance,
3997,317696.243735,155249,38,1010551960,1030864504,192.168.88.253,35430,1927,,loss_recovery,
3998,317696.244494,155253,19,1010585264,1030896360,192.168.88.253,35430,370,,congestion_avoidance,
3999,317696.255584,155300,26,1010908168,1031213472,192.168.88.253,35430,1152,,congestion_avoidance,
4000,317696.268385,155344,35,1011300576,1031647872,192.168.88.253,35430,1493,,loss_recovery,
4001,317696.270005,155349,17,1011344016,1031665248,192.168.88.253,35430,366,,congestion_avoidance,
4002,317696.281351,155400,26,1011682848,1032021456,192.168.88.253,35430,817,,congestion_avoidance,
4003,317696.294772,155446,35,1012081048,1032426896,192.168.88.253,35430,1403,,loss_recovery,
4004,317696.295423,155449,17,1012105664,1032451512,192.168.88.253,35430,606,,congestion_avoidance,
4005,317696.311472,155500,31,1012579160,1032953968,192.168.88.253,35430,1110,,congestion_avoidance,
4006,317696.322568,155541,37,1012922336,1033307280,192.168.88.253,35430,1288,,loss_recovery,
4007,317696.324275,155546,18,1012967224,1033327552,192.168.88.253,35430,330,,congestion_avoidance,
4008,317696.344035,155600,33,1013555112,1033954536,192.168.88.253,35430,1200,,congestion_avoidance,
4009,317696.349912,155616,36,1013725976,1034109472,192.168.88.253,35430,1660,,loss_recovery,
4010,317696.350636,155619,18,1013756384,1034136984,192.168.88.253,35430,245,,congestion_avoidance,
4011,317696.375485,155684,35,1014489072,1034894288,192.168.88.253,35430,1573,,loss_recovery,
4012,317696.376312,155688,17,1014520928,1034911664,192.168.88.253,35430,355,,congestion_avoidance,
4013,317696.379833,155700,20,1014623736,1035036192,192.168.88.253,35430,966,,congestion_avoidance,
4014,317696.402464,155760,36,1015298504,1035722544,192.168.88.253,35430,1471,,loss_recovery,
4015,317696.403649,155764,18,1015337600,1035752952,192.168.88.253,35430,330,,congestion_avoidance,
4016,317696.416774,155800,28,1015734352,1036152600,192.168.88.253,35430,445,,congestion_avoidance,
4017,317696.429846,155828,36,1016119520,1036562384,192.168.88.253,35430,1493,,loss_recovery,
4018,317696.431061,155832,18,1016160064,1036592792,192.168.88.253,35430,569,,congestion_avoidance,
4019,317696.463235,155942,19,1017096920,1037544128,192.168.88.253,35430,715,,congestion_avoidance,
4020,317696.473880,156000,28,1017415480,1037877168,192.168.88.253,35430,843,,congestion_avoidance,
4021,317696.494761,156100,40,1018029432,1038508496,192.168.88.253,35430,1379,,congestion_avoidance,
4022,317696.498301,156117,42,1018148168,1038630128,192.168.88.253,35430,1494,,loss_recovery,
4023,317696.499679,156125,21,1018185816,1038646056,192.168.88.253,35430,932,,congestion_avoidance,
4024,317696.511888,156200,31,1018546368,1039026880,192.168.88.253,35430,1007,,congestion_avoidance,
4025,317696.522378,156276,36,1018851896,1039346888,192.168.88.253,35430,1783,,loss_recovery,
4026,317696.523242,156287,18,1018889544,1039374400,192.168.88.253,35430,731,,congestion_avoidance,
4027,317696.525134,156300,19,1018938776,1039426528,192.168.88.253,35430,535,,congestion_avoidance,
4028,317696.537475,156400,29,1019313808,1039810248,192.168.88.253,35430,1173,,congestion_avoidance,
4029,317696.550916,156500,38,1019709112,1040222928,192.168.88.253,35430,1416,,congestion_avoidance,
4030,317696.560854,156577,43,1019995816,1040518320,192.168.88.253,35430,1626,,loss_recovery,
4031,317696.561766,156587,21,1020036360,1040551624,192.168.88.253,35430,791,,congestion_avoidance,
4032,317696.563517,156600,22,1020091384,1040606648,192.168.88.253,35430,992,,congestion_avoidance,
4033,317696.575961,156700,32,1020454832,1040970096,192.168.88.253,35430,1130,,congestion_avoidance,
4034,317696.579590,156726,34,1020564880,1041097520,192.168.88.253,35430,1121,,loss_recovery,
4035,317696.580718,156735,17,1020603976,1041130824,192.168.88.253,35430,583,,congestion_avoidance,
4036,317696.588438,156800,24,1020840000,1041371192,192.168.88.253,35430,1008,,congestion_avoidance,
4037,317696.601174,156900,33,1021206344,1041754912,192.168.88.253,35430,1583,,congestion_avoidance,
4038,317696.604879,156927,35,1021312048,1041867856,192.168.88.253,35430,2098,,loss_recovery,
4039,317696.605583,156936,17,1021343904,1041876544,192.168.88.253,35430,238,,congestion_avoidance,
4040,317696.613166,157000,23,1021571240,1042125600,192.168.88.253,35430,892,,congestion_avoidance,
4041,317696.625103,157100,32,1021930344,1042490496,192.168.88.253,35430,1264,,congestion_avoidance,
4042,317696.637818,157200,39,1022303928,1042885800,192.168.88.253,35430,1518,,congestion_avoidance,
4043,317696.640512,157220,41,1022383568,1042968336,192.168.88.253,35430,1369,,loss_recovery,
4044,317696.641510,157231,20,1022425560,1042987160,192.168.88.253,35430,834,,congestion_avoidance,
4045,317696.650924,157300,27,1022705024,1043285448,192.168.88.253,35430,955,,congestion_avoidance,
4046,317696.665076,157354,36,1023129288,1043728536,192.168.88.253,35430,1188,,loss_recovery,
4047,317696.666404,157362,18,1023169832,1043754600,192.168.88.253,35430,854,,congestion_avoidance,
4048,317696.679440,157400,29,1023553552,1044147008,192.168.88.253,35430,1320,,congestion_avoidance,
4049,317696.688408,157431,35,1023817088,1044448192,192.168.88.253,35430,1063,,loss_recovery,
4050,317696.689403,157440,17,1023857632,1044464120,192.168.88.253,35430,246,,congestion_avoidance,
4051,317696.706652,157500,30,1024367328,1044988296,192.168.88.253,35430,1325,,congestion_avoidance,
4052,317696.715478,157525,36,1024627968,1045276448,192.168.88.253,35430,1312,,loss_recovery,
4053,317696.716945,157533,18,1024677200,1045308304,192.168.88.253,35430,575,,congestion_avoidance,
4054,317696.742715,157600,36,1025447536,1046104704,192.168.88.253,35430,1418,,congestion_avoidance,
4055,317696.745954,157606,19,1025534416,1046190136,192.168.88.253,35430,411,,fast_retransmit,
4056,317696.747121,157611,19,1025574960,1046216200,192.168.88.253,35430,745,,congestion_avoidance,
4057,317696.769543,157684,35,1026236696,1046889520,192.168.88.253,35430,1746,,loss_recovery,
4058,317696.770231,157690,17,1026270000,1046902552,192.168.88.253,35430,391,,congestion_avoidance,
4059,317696.773207,157700,19,1026355432,1047001016,192.168.88.253,35430,527,,congestion_avoidance,
4060,317696.800510,157798,38,1027160520,1047842304,192.168.88.253,35430,1236,,loss_recovery,
4061,317696.800655,157800,19,1027175000,1047842304,192.168.88.253,35430,1366,,loss_recovery,
4062,317696.801970,157806,19,1027218440,1047882848,192.168.88.253,35430,740,,congestion_avoidance,
4063,317696.825482,157870,36,1027923616,1048624224,192.168.88.253,35430,1104,,loss_recovery,
4064,317696.827280,157876,18,1027972848,1048654632,192.168.88.253,35430,426,,congestion_avoidance,
4065,317696.835057,157900,25,1028194392,1048890656,192.168.88.253,35430,1069,,congestion_avoidance,
4066,317696.852701,157948,37,1028737392,1049456824,192.168.88.253,35430,1218,,loss_recovery,
4067,317696.854255,157953,18,1028779384,1049478544,192.168.88.253,35430,398,,congestion_avoidance,
4068,317696.871485,158000,30,1029283288,1049991136,192.168.88.253,35430,1522,,congestion_avoidance,
4069,317696.879692,158022,36,1029543928,1050283632,192.168.88.253,35430,1117,,loss_recovery,
4070,317696.881449,158027,18,1029593160,1050315488,192.168.88.253,35430,466,,congestion_avoidance,
4071,317696.905461,158088,35,1030304128,1051051072,192.168.88.253,35430,1543,,loss_recovery,
4072,317696.906465,158092,17,1030340328,1051084376,192.168.88.253,35430,583,,congestion_avoidance,
4073,317696.909398,158100,19,1030428656,1051172704,192.168.88.253,35430,590,,congestion_avoidance,
4074,317696.932354,158162,36,1031113560,1051883672,192.168.88.253,35430,1267,,loss_recovery,
4075,317696.933878,158166,18,1031152656,1051914080,192.168.88.253,35430,321,,congestion_avoidance,
4076,317696.944852,158200,26,1031485696,1052254360,192.168.88.253,35430,887,,congestion_avoidance,
4077,317696.961111,158249,36,1031959192,1052748128,192.168.88.253,35430,1516,,loss_recovery,
4078,317696.962369,158253,18,1032011320,1052787224,192.168.88.253,35430,653,,congestion_avoidance,
4079,317696.978014,158300,29,1032473232,1053266512,192.168.88.253,35430,1323,,congestion_avoidance,
4080,317696.986542,158322,35,1032726632,1053532944,192.168.88.253,35430,1177,,loss_recovery,
4081,317696.988337,158326,17,1032770072,1053563352,192.168.88.253,35430,388,,congestion_avoidance,
4082,317697.017688,158400,37,1033654800,1054471248,192.168.88.253,35430,1121,,congestion_avoidance,
4083,317697.018213,158401,38,1033666384,1054491520,192.168.88.253,35430,1150,,loss_recovery,
4084,317697.019750,158405,19,1033709824,1054511792,192.168.88.253,35430,310,,congestion_avoidance,
4085,317697.048979,158479,38,1034588760,1055442856,192.168.88.253,35430,1451,,loss_recovery,
4086,317697.051024,158484,19,1034640888,1055464576,192.168.88.253,35430,309,,congestion_avoidance,
4087,317697.056206,158500,21,1034801616,1055639784,192.168.88.253,35430,872,,congestion_avoidance,
4088,317697.076660,158548,36,1035409776,1056272560,192.168.88.253,35430,1370,,loss_recovery,
4089,317697.077957,158551,18,1035448872,1056305864,192.168.88.253,35430,322,,congestion_avoidance,
4090,317697.094757,158600,30,1035944088,1056814112,192.168.88.253,35430,1494,,congestion_avoidance,
4091,317697.103148,158627,36,1036206176,1057100816,192.168.88.253,35430,1405,,loss_recovery,
4092,317697.105015,158633,18,1036256856,1057134120,192.168.88.253,35430,715,,congestion_avoidance,
4093,317697.122160,158700,31,1036768000,1057659744,192.168.88.253,35430,1159,,congestion_avoidance,
4094,317697.129363,158733,17,1036989544,1057879840,192.168.88.253,35430,675,,fast_retransmit,
4095,317697.130283,158740,17,1037018504,1057905904,192.168.88.253,35430,525,,congestion_avoidance,
4096,317697.141113,158800,27,1037332720,1058220120,192.168.88.253,35430,1016,,congestion_avoidance,
4097,317697.157371,158871,37,1037829384,1058767464,192.168.88.253,35430,1062,,loss_recovery,
4098,317697.159295,158878,18,1037877168,1058780496,192.168.88.253,35430,1962,,congestion_avoidance,
4099,317697.163814,158900,21,1038010384,1058925296,192.168.88.253,35430,919,,congestion_avoidance,
4100,317697.187811,158988,19,1038734384,1059650744,192.168.88.253,35430,505,,fast_retransmit,
4101,317697.188890,158995,19,1038770584,1059679704,192.168.88.253,35430,692,,congestion_avoidance,
4102,317697.190135,159000,20,1038802440,1059705768,192.168.88.253,35430,1039,,congestion_avoidance,
4103,317697.213540,159088,37,1039507616,1060447144,192.168.88.253,35430,1333,,loss_recovery,
4104,317697.215268,159093,18,1039556848,1060467416,192.168.88.253,35430,301,,congestion_avoidance,
4105,317697.217471,159100,19,1039620560,1060542712,192.168.88.253,35430,599,,congestion_avoidance,
4106,317697.240951,159172,36,1040312704,1061252232,192.168.88.253,35430,1595,,loss_recovery,
4107,317697.241480,159176,18,1040338768,1061279744,192.168.88.253,35430,485,,congestion_avoidance,
4108,317697.247241,159200,22,1040503840,1061450608,192.168.88.253,35430,905,,congestion_avoidance,
4109,317697.270296,159283,38,1041197432,1062168816,192.168.88.253,35430,1140,,loss_recovery,
4110,317697.271634,159288,19,1041236528,1062190536,192.168.88.253,35430,391,,congestion_avoidance,
4111,317697.274270,159300,19,1041314720,1062283208,192.168.88.253,35430,936,,congestion_avoidance,
4112,317697.294821,159366,35,1041934464,1062929016,192.168.88.253,35430,1358,,loss_recovery,
4113,317697.296385,159371,17,1041977904,1062946392,192.168.88.253,35430,356,,congestion_avoidance,
4114,317697.303633,159400,22,1042186416,1063159248,192.168.88.253,35430,1226,,congestion_avoidance,
4115,317697.323986,159479,37,1042807608,1063820984,192.168.88.253,35430,1508,,loss_recovery,
4116,317697.325964,159485,18,1042852496,1063839808,192.168.88.253,35430,454,,congestion_avoidance,
4117,317697.328445,159500,19,1042933584,1063938272,192.168.88.253,35430,613,,congestion_avoidance,
4118,317697.353191,159600,37,1043667720,1064672408,192.168.88.253,35430,1635,,congestion_avoidance,
4119,317697.354423,159610,19,1043715504,1064725984,192.168.88.253,35430,646,,fast_retransmit,
4120,317697.355551,159618,19,1043747360,1064754944,192.168.88.253,35430,626,,congestion_avoidance,
4121,317697.374232,159700,33,1044303392,1065331248,192.168.88.253,35430,1146,,congestion_avoidance,
4122,317697.376331,159707,34,1044358416,1065380480,192.168.88.253,35430,1334,,loss_recovery,
4123,317697.376986,159711,17,1044387376,1065402200,192.168.88.253,35430,575,,congestion_avoidance,
4124,317697.399204,159800,33,1045044768,1066088552,192.168.88.253,35430,1627,,congestion_avoidance,
4125,317697.406076,159827,37,1045247488,1066288376,192.168.88.253,35430,1477,,loss_recovery,
4126,317697.407028,159832,18,1045283688,1066317336,192.168.88.253,35430,305,,congestion_avoidance,
4127,317697.423676,159900,30,1045768768,1066819792,192.168.88.253,35430,1136,,congestion_avoidance,
4128,317697.434294,159946,37,1046087328,1067157176,192.168.88.253,35430,1200,,loss_recovery,
4129,317697.435541,159952,18,1046136560,1067183240,192.168.88.253,35430,591,,congestion_avoidance,
4130,317697.447092,160000,27,1046481184,1067543792,192.168.88.253,35430,1070,,congestion_avoidance,
4131,317697.459324,160063,35,1046853320,1067940544,192.168.88.253,35430,1670,,loss_recovery,
4132,317697.460834,160074,17,1046890968,1067957920,192.168.88.253,35430,345,,congestion_avoidance,
4133,317697.463762,160100,19,1046979296,1068056384,192.168.88.253,35430,750,,congestion_avoidance,
4134,317697.478571,160200,31,1047422384,1068513952,192.168.88.253,35430,942,,congestion_avoidance,
4135,317697.493185,160300,40,1047855336,1068957040,192.168.88.253,35430,1484,,congestion_avoidance,
4136,317697.496295,160315,19,1047949456,1069041024,192.168.88.253,35430,767,,fast_retransmit,
4137,317697.497456,160322,20,1047987104,1069069984,192.168.88.253,35430,681,,congestion_avoidance,
4138,317697.517496,160400,35,1048590920,1069689728,192.168.88.253,35430,1161,,congestion_avoidance,
4139,317697.518152,160403,35,1048601056,1069707104,192.168.88.253,35430,1224,,loss_recovery,
4140,317697.519209,160412,17,1048638704,1069724480,192.168.88.253,35430,332,,congestion_avoidance,
4141,317697.529096,160500,26,1048934096,1070040144,192.168.88.253,35430,1191,,congestion_avoidance,
4142,317697.541107,160600,34,1049294648,1070409384,192.168.88.253,35430,1311,,congestion_avoidance,
4143,317697.553533,160700,41,1049652304,1070767040,192.168.88.253,35430,1316,,congestion_avoidance,
4144,317697.557217,160726,43,1049756560,1070916184,192.168.88.253,35430,1554,,loss_recovery,
4145,317697.558208,160738,21,1049804344,1070949488,192.168.88.253,35430,828,,congestion_avoidance,
4146,317697.568760,160800,29,1050106976,1071262256,192.168.88.253,35430,1261,,congestion_avoidance,
4147,317697.576014,160839,34,1050327072,1071495384,192.168.88.253,35430,1508,,loss_recovery,
4148,317697.576928,160846,17,1050361824,1071524344,192.168.88.253,35430,811,,congestion_avoidance,
4149,317697.586386,160900,25,1050644184,1071806704,192.168.88.253,35430,1032,,congestion_avoidance,
4150,317697.603203,160993,23,1051123472,1072307712,192.168.88.253,35430,1630,,fast_retransmit,
4151,317697.603769,160997,18,1051166912,1072329432,192.168.88.253,35430,537,,congestion_avoidance,
4152,317697.604391,161000,18,1051177048,1072342464,192.168.88.253,35430,751,,congestion_avoidance,
4153,317697.621521,161100,32,1051692536,1072866640,192.168.88.253,35430,1179,,congestion_avoidance,
4154,317697.624280,161108,34,1051770728,1072947728,192.168.88.253,35430,1607,,loss_recovery,
4155,317697.624871,161111,17,1051795344,1072966552,192.168.88.253,35430,565,,congestion_avoidance,
4156,317697.647956,161195,34,1052478800,1073681864,192.168.88.253,35430,981,,loss_recovery,
4157,317697.649079,161198,18,1052519344,1073712272,192.168.88.253,35430,267,,congestion_avoidance,
4158,317697.649925,161200,18,1052543960,1073725304,192.168.88.253,35430,367,,congestion_avoidance,
4159,317697.676091,161289,37,1053331672,1074562248,192.168.88.253,35430,1538,,loss_recovery,
4160,317697.677954,161294,18,1053373664,1074583968,192.168.88.253,35430,425,,congestion_avoidance,
4161,317697.679072,161300,18,1053414208,1074618720,192.168.88.253,35430,292,,congestion_avoidance,
4162,317697.699470,161400,34,1054020920,1075265976,192.168.88.253,35430,1279,,congestion_avoidance,
4163,317697.700073,161403,34,1054031056,1075277560,192.168.88.253,35430,1085,,loss_recovery,
4164,317697.701061,161409,17,1054074496,1075300728,192.168.88.253,35430,341,,congestion_avoidance,
4165,317697.717276,161500,29,1054547992,1075800288,192.168.88.253,35430,1152,,congestion_avoidance,
4166,317697.728182,161559,36,1054886824,1076149256,192.168.88.253,35430,1368,,loss_recovery,
4167,317697.729931,161568,18,1054936056,1076181112,192.168.88.253,35430,451,,congestion_avoidance,
4168,317697.736484,161600,23,1055128640,1076379488,192.168.88.253,35430,1020,,congestion_avoidance,
4169,317697.757227,161700,37,1055752728,1077023848,192.168.88.253,35430,1415,,congestion_avoidance,
4170,317697.759907,161713,23,1055817888,1077090456,192.168.88.253,35430,1252,,fast_retransmit,
4171,317697.760870,161719,19,1055859880,1077117968,192.168.88.253,35430,738,,congestion_avoidance,
4172,317697.776050,161800,31,1056304416,1077563952,192.168.88.253,35430,1090,,congestion_avoidance,
4173,317697.780419,161823,34,1056433288,1077710200,192.168.88.253,35430,1180,,loss_recovery,
4174,317697.781354,161829,17,1056469488,1077743504,192.168.88.253,35430,541,,congestion_avoidance,
4175,317697.793146,161900,27,1056821352,1078099712,192.168.88.253,35430,871,,congestion_avoidance,
4176,317697.807217,161987,36,1057251408,1078554384,192.168.88.253,35430,1409,,loss_recovery,
4177,317697.808706,161997,18,1057289056,1078580448,192.168.88.253,35430,924,,congestion_avoidance,
4178,317697.809040,162000,18,1057297744,1078593480,192.168.88.253,35430,658,,congestion_avoidance,
4179,317697.824082,162100,30,1057739384,1079046704,192.168.88.253,35430,1012,,congestion_avoidance,
4180,317697.833315,162153,36,1058014504,1079336304,192.168.88.253,35430,1407,,loss_recovery,
4181,317697.834145,162161,18,1058052152,1079353680,192.168.88.253,35430,674,,congestion_avoidance,
4182,317697.839021,162200,22,1058198400,1079512960,192.168.88.253,35430,924,,congestion_avoidance,
4183,317697.857856,162300,35,1058747192,1080071888,192.168.88.253,35430,1199,,congestion_avoidance,
4184,317697.861567,162322,37,1058873168,1080213792,192.168.88.253,35430,1385,,loss_recovery,
4185,317697.863292,162333,18,1058913712,1080234064,192.168.88.253,35430,578,,congestion_avoidance,
4186,317697.885441,162400,34,1059582688,1080921864,192.168.88.253,35430,764,,congestion_avoidance,
4187,317697.888638,162418,36,1059681152,1081042048,192.168.88.253,35430,1120,,loss_recovery,
4188,317697.890145,162430,18,1059723144,1081059424,192.168.88.253,35430,281,,congestion_avoidance,
4189,317697.902488,162500,28,1060079352,1081441696,192.168.88.253,35430,995,,congestion_avoidance,
4190,317697.913577,162535,35,1060426872,1081803696,192.168.88.253,35430,1399,,loss_recovery,
4191,317697.915068,162547,17,1060467416,1081821072,192.168.88.253,35430,350,,congestion_avoidance,
4192,317697.920697,162600,22,1060636832,1082004968,192.168.88.253,35430,973,,congestion_avoidance,
4193,317697.931912,162700,30,1060969872,1082345248,192.168.88.253,35430,1329,,congestion_avoidance,
4194,317697.936957,162744,34,1061113224,1082504528,192.168.88.253,35430,1472,,loss_recovery,
4195,317697.937999,162753,17,1061149424,1082521904,192.168.88.253,35430,448,,congestion_avoidance,
4196,317697.943021,162800,21,1061297120,1082685528,192.168.88.253,35430,734,,congestion_avoidance,
4197,317697.962102,162871,35,1061867632,1083269072,192.168.88.253,35430,1175,,loss_recovery,
4198,317697.963802,162875,17,1061918312,1083293688,192.168.88.253,35430,326,,congestion_avoidance,
4199,317697.969548,162900,21,1062093520,1083486272,192.168.88.253,35430,915,,congestion_avoidance,
4200,317697.987843,162980,16,1062642312,1084043752,192.168.88.253,35430,340,,fast_retransmit,
4201,317697.988741,162986,17,1062671272,1084069816,192.168.88.253,35430,557,,congestion_avoidance,
4202,317697.990648,163000,19,1062727744,1084130632,192.168.88.253,35430,823,,congestion_avoidance,
4203,317698.014358,163100,36,1063438712,1084848840,192.168.88.253,35430,882,,congestion_avoidance,
4204,317698.015615,163105,24,1063453192,1084872008,192.168.88.253,35430,1492,,fast_retransmit,
4205,317698.016353,163108,18,1063496632,1084887936,192.168.88.253,35430,699,,congestion_avoidance,
4206,317698.037040,163200,34,1064112032,1085532296,192.168.88.253,35430,1282,,congestion_avoidance,
4207,317698.043339,163228,37,1064300272,1085720536,192.168.88.253,35430,1225,,loss_recovery,
4208,317698.044638,163234,18,1064335024,1085739360,192.168.88.253,35430,439,,congestion_avoidance,
4209,317698.055545,163300,27,1064655032,1086083984,192.168.88.253,35430,1143,,congestion_avoidance,
4210,317698.065859,163350,34,1064962008,1086403992,192.168.88.253,35430,1187,,loss_recovery,
4211,317698.066931,163356,17,1065006896,1086437296,192.168.88.253,35430,664,,congestion_avoidance,
4212,317698.074175,163400,22,1065221200,1086666080,192.168.88.253,35430,1000,,congestion_avoidance,
4213,317698.092866,163500,35,1065775784,1087230800,192.168.88.253,35430,1531,,congestion_avoidance,
4214,317698.104501,163564,17,1066129096,1087579768,192.168.88.253,35430,764,,fast_retransmit,
4215,317698.105659,163573,21,1066163848,1087607280,192.168.88.253,35430,575,,congestion_avoidance,
4216,317698.109096,163600,24,1066266656,1087717328,192.168.88.253,35430,938,,congestion_avoidance,
4217,317698.120933,163700,32,1066618520,1088079328,192.168.88.253,35430,1491,,congestion_avoidance,
4218,317698.124447,163731,34,1066718432,1088187928,192.168.88.253,35430,1449,,loss_recovery,
4219,317698.125479,163741,17,1066754632,1088205304,192.168.88.253,35430,422,,congestion_avoidance,
4220,317698.131898,163800,22,1066948664,1088415264,192.168.88.253,35430,884,,congestion_avoidance,
4221,317698.143832,163900,31,1067300528,1088784504,192.168.88.253,35430,1251,,congestion_avoidance,
4222,317698.155758,164000,38,1067653840,1089145056,192.168.88.253,35430,1493,,congestion_avoidance,
4223,317698.162788,164048,42,1067873936,1089375288,192.168.88.253,35430,1281,,loss_recovery,
4224,317698.164723,164052,21,1067926064,1089405696,192.168.88.253,35430,745,,congestion_avoidance,
4225,317698.183493,164100,35,1068493680,1089997928,192.168.88.253,35430,987,,congestion_avoidance,
4226,317698.186555,164113,36,1068584904,1090094944,192.168.88.253,35430,1288,,loss_recovery,
4227,317698.187982,164118,18,1068622552,1090126800,192.168.88.253,35430,741,,congestion_avoidance,
4228,317698.213865,164200,37,1069401576,1090911616,192.168.88.253,35430,936,,congestion_avoidance,
4229,317698.216324,164206,19,1069453704,1090978224,192.168.88.253,35430,698,,fast_retransmit,
4230,317698.217267,164211,19,1069501488,1091004288,192.168.88.253,35430,682,,congestion_avoidance,
4231,317698.237897,164300,35,1070109648,1091635616,192.168.88.253,35430,1586,,congestion_avoidance,
4232,317698.239747,164307,36,1070164672,1091706568,192.168.88.253,35430,1303,,loss_recovery,
4233,317698.241017,164312,18,1070205216,1091732632,192.168.88.253,35430,685,,congestion_avoidance,
4234,317698.256454,164400,30,1070670024,1092213368,192.168.88.253,35430,1036,,congestion_avoidance,
4235,317698.265381,164462,26,1070921976,1092482696,192.168.88.253,35430,1254,,fast_retransmit,
4236,317698.266232,164468,18,1070965416,1092500072,192.168.88.253,35430,714,,congestion_avoidance,
4237,317698.270623,164500,22,1071091392,1092633288,192.168.88.253,35430,892,,congestion_avoidance,
4238,317698.284856,164600,33,1071514208,1093076376,192.168.88.253,35430,1222,,congestion_avoidance,
4239,317698.286947,164619,34,1071575024,1093141536,192.168.88.253,35430,1446,,loss_recovery,
4240,317698.287971,164628,17,1071611224,1093158912,192.168.88.253,35430,424,,congestion_avoidance,
4241,317698.296432,164700,24,1071861728,1093431136,192.168.88.253,35430,785,,congestion_avoidance,
4242,317698.309888,164785,34,1072261376,1093843816,192.168.88.253,35430,1394,,loss_recovery,
4243,317698.310888,164791,17,1072297576,1093861192,192.168.88.253,35430,420,,congestion_avoidance,
4244,317698.311990,164800,17,1072332328,1093900288,192.168.88.253,35430,184,,congestion_avoidance,
4245,317698.328799,164900,31,1072828992,1094425912,192.168.88.253,35430,1422,,congestion_avoidance,
4246,317698.338544,164952,24,1073101216,1094701032,192.168.88.253,35430,1528,,fast_retransmit,
4247,317698.339121,164958,18,1073144656,1094724200,192.168.88.253,35430,494,,congestion_avoidance,
4248,317698.345594,165000,24,1073337240,1094921128,192.168.88.253,35430,1037,,congestion_avoidance,
